0 141.333899083703
0.0625 139.822078250243
0.125 138.326429065959
0.1875 136.846778545908
0.25 135.382955555537
0.3125 133.934790790882
0.375 132.502116758994
0.4375 131.08476775856
0.5 129.682579860742
0.5625 128.295390890217
0.625 126.923040406418
0.6875 125.565369684981
0.75 124.222221699384
0.8125 122.893441102788
0.875 121.578874210066
0.9375 120.278368980032
1 118.991774997856
1.0625 117.718943457664
1.125 116.459727145329
1.1875 115.213980421444
1.25 113.98155920448
1.3125 112.762320954119
1.375 111.556124654768
1.4375 110.362830799249
1.5 109.182301372667
1.5625 108.014399836444
1.625 106.858991112528
1.6875 105.71594156777
1.75 104.585118998471
1.8125 103.466392615085
1.875 102.359633027098
1.9375 101.264712228062
2 100.181503580786
2.0625 99.1098818026941
2.125 98.0497229513325
2.1875 97.0009044100356
2.25 95.9633048737441
2.3125 94.9368043349749
2.375 93.9212840699414
2.4375 92.9166266248219
2.5 91.9227158021748
2.5625 90.9394366475
2.625 89.9666754359428
2.6875 89.0043196591407
2.75 88.0522580122112
2.8125 87.1103803808781
2.875 86.1785778287359
2.9375 85.2567425846502
3 84.3447680302933
3.0625 83.4425486878127
3.125 82.5499802076316
3.1875 81.6669593563802
3.25 80.7933840049554
3.3125 79.9291531167092
3.375 79.0741667357628
3.4375 78.2283259754453
3.5 77.3915330068574
3.5625 76.5636910475562
3.625 75.7447043503611
3.6875 74.9344781922806
3.75 74.1329188635563
3.8125 73.3399336568246
3.875 72.555430856394
3.9375 71.779319727638
4 71.0115105065004
4.0625 70.2519143891132
4.125 69.5004435215262
4.1875 68.7570109895453
4.25 68.0215308086805
4.3125 67.2939179142009
4.375 66.5740881512962
4.4375 65.8619582653436
4.5 65.1574458922786
4.5625 64.4604695490686
4.625 63.7709486242892
4.6875 63.0888033688003
4.75 62.4139548865229
4.8125 61.7463251253134
4.875 61.0858368679369
4.9375 60.4324137231359
5 59.7859801167951
5.0625 59.1464612832005
5.125 58.5137832563925
5.1875 57.8878728616106
5.25 57.2686577068301
5.3125 56.6560661743897
5.375 56.0500274127082
5.4375 55.4504713280895
5.5 54.8573285766161
5.5625 54.2705305561288
5.625 53.690009398292
5.6875 53.1156979607443
5.75 52.547529819333
5.8125 51.9854392604313
5.875 51.4293612733383
5.9375 50.8792315427596
6 50.3349864413688
6.0625 49.7965630224486
6.125 49.2638990126102
6.1875 48.7369328045909
6.25 48.2156034501289
6.3125 47.6998506529138
6.375 47.1896147616131
6.4375 46.6848367629725
6.5 46.1854582749911
6.5625 45.6914215401689
6.625 45.202669418826
6.6875 44.7191453824949
6.75 44.2407935073815
6.8125 43.767558467898
6.875 43.2993855302629
6.9375 42.8362205461717
7 42.3780099465333
7.0625 41.9247007352747
7.125 41.4762404832116
7.1875 41.0325773219839
7.25 40.5936599380577
7.3125 40.1594375667893
7.375 39.7298599865547
7.4375 39.3048775129407
7.5 38.8844409929983
7.5625 38.4685017995579
7.625 38.0570118256055
7.6875 37.6499234787179
7.75 37.2471896755587
7.8125 36.848763836433
7.875 36.4545998798994
7.9375 36.0646522174407
8 35.678875748191
8.0625 35.2972258537195
8.125 34.9196583928701
8.1875 34.5461296966557
8.25 34.1765965632078
8.3125 33.8110162527799
8.375 33.4493464828041
8.4375 33.0915454230005
8.5 32.7375716905399
8.5625 32.3873843452568
8.625 32.0409428849145
8.6875 31.698207240521
8.75 31.3591377716941
8.8125 31.0236952620772
8.875 30.6918409148032
8.9375 30.3635363480075
9 30.0387435903886
9.0625 29.7174250768166
9.125 29.3995436439885
9.1875 29.0850625261297
9.25 28.7739453507418
9.3125 28.4661561343959
9.375 28.1616592785708
9.4375 27.8604195655355
9.5 27.5624021542762
9.5625 27.2675725764667
9.625 26.9758967324813
9.6875 26.6873408874518
9.75 26.4018716673647
9.8125 26.1194560552021
9.875 25.8400613871225
9.9375 25.563655348683
10 25.2902059711021
10.0625 25.0196816275619
10.125 24.7520510295503
10.1875 24.4872832232425
10.25 24.2253475859202
10.3125 23.9662138224308
10.375 23.7098519616826
10.4375 23.4562323531788
10.5 23.2053256635884
10.5625 22.9571028733528
10.625 22.7115352733303
10.6875 22.4685944614749
10.75 22.228252339552
10.8125 21.9904811098881
10.875 21.7552532721558
10.9375 21.5225416201936
11 21.2923192388585
11.0625 21.064559500914
11.125 20.8392360639495
11.1875 20.6163228673342
11.25 20.3957941292024
11.3125 20.1776243434724
11.375 19.9617882768956
11.4375 19.7482609661388
11.5 19.5370177148964
11.5625 19.3280340910344
11.625 19.1212859237647
11.6875 18.916749300849
11.75 18.7144005658338
11.8125 18.5142163153138
11.875 18.3161733962255
11.9375 18.120248903169
12 17.926420175759
12.0625 17.7346647960039
12.125 17.5449605857129
12.1875 17.3572856039309
12.25 17.171618144401
12.3125 16.9879367330536
12.375 16.8062201255233
12.4375 16.6264473046912
12.5 16.4485974782546
12.5625 16.2726500763217
12.625 16.0985847490331
12.6875 15.9263813642075
12.75 15.7560200050139
12.8125 15.5874809676675
12.875 15.4207447591509
12.9375 15.25579209496
13 15.0926038968729
13.0625 14.9311612907439
13.125 14.7714456043202
13.1875 14.6134383650824
13.25 14.4571212981081
13.3125 14.302476323958
13.375 14.1494855565851
13.4375 13.9981313012658
13.5 13.8483960525537
13.5625 13.7002624922544
13.625 13.553713487423
13.6875 13.4087320883823
13.75 13.2653015267625
13.8125 13.1234052135616
13.875 12.983026737227
13.9375 12.8441498617572
14 12.7067585248241
14.0625 12.570836835915
14.125 12.4363690744949
14.1875 12.3033396881883
14.25 12.1717332909806
14.3125 12.0415346614379
14.375 11.9127287409474
14.4375 11.7853006319751
14.5 11.659235596343
14.5625 11.5345190535246
14.625 11.4111365789583
14.6875 11.2890739023792
14.75 11.1683169061685
14.8125 11.0488516237211
14.875 10.9306642378297
14.9375 10.8137410790869
15 10.6980686243044
15.0625 10.5836334949485
15.125 10.4704224555935
15.1875 10.35842241239
15.25 10.2476204115512
15.3125 10.1380036378542
15.375 10.0295594131582
15.4375 9.92227519493783
15.5 9.81613857483268
15.5625 9.71113727721214
15.625 9.6072591577556
15.6875 9.50449220204783
15.75 9.40282452418945
15.8125 9.30224436542219
15.875 9.20274009276889
15.9375 9.10430019768807
16 9.00691329474284
