-4 0.0183156388887342
-3.9921875 0.0184592902249368
-3.984375 0.0186040682325329
-3.9765625 0.018749981748116
-3.96875 0.0188970396775857
-3.9609375 0.0190452509966911
-3.953125 0.0191946247515793
-3.9453125 0.0193451700593472
-3.9375 0.0194968961085981
-3.9296875 0.0196498121600018
-3.921875 0.0198039275468611
-3.9140625 0.0199592516756806
-3.90625 0.0201157940267408
-3.8984375 0.0202735641546775
-3.890625 0.0204325716890638
-3.8828125 0.0205928263349988
-3.875 0.0207543378736998
-3.8671875 0.0209171161630986
-3.859375 0.0210811711384444
-3.8515625 0.0212465128129089
-3.84375 0.0214131512781987
-3.8359375 0.0215810967051699
-3.828125 0.0217503593444504
-3.8203125 0.0219209495270641
-3.8125 0.0220928776650624
-3.8046875 0.0222661542521597
-3.796875 0.0224407898643731
-3.7890625 0.022616795160669
-3.78125 0.0227941808836123
-3.7734375 0.0229729578600238
-3.765625 0.0231531370016397
-3.7578125 0.0233347293057777
-3.75 0.0235177458560092
-3.7421875 0.0237021978228343
-3.734375 0.0238880964643653
-3.7265625 0.0240754531270123
-3.71875 0.0242642792461767
-3.7109375 0.024454586346949
-3.703125 0.0246463860448116
-3.6953125 0.0248396900463486
-3.6875 0.0250345101499602
-3.6796875 0.025230858246582
-3.671875 0.0254287463204122
-3.6640625 0.0256281864496411
-3.65625 0.0258291908071908
-3.6484375 0.0260317716614554
-3.640625 0.0262359413770523
-3.6328125 0.0264417124155753
-3.625 0.0266490973363554
-3.6171875 0.0268581087972286
-3.609375 0.0270687595553066
-3.6015625 0.0272810624677569
-3.59375 0.0274950304925866
-3.5859375 0.0277106766894341
-3.578125 0.027928014220366
-3.5703125 0.0281470563506794
-3.5625 0.028367816449713
-3.5546875 0.0285903079916628
-3.546875 0.0288145445564037
-3.5390625 0.0290405398303191
-3.53125 0.029268307607136
-3.5234375 0.029497861788767
-3.515625 0.0297292163861587
-3.5078125 0.0299623855201468
-3.5 0.0301973834223186
-3.4921875 0.03043422443588
-3.484375 0.0306729230165337
-3.4765625 0.0309134937333582
-3.46875 0.0311559512696997
-3.4609375 0.0314003104240675
-3.453125 0.0316465861110362
-3.4453125 0.0318947933621571
-3.4375 0.032144947326876
-3.4296875 0.0323970632734569
-3.421875 0.0326511565899142
-3.4140625 0.0329072427849517
-3.40625 0.0331653374889103
-3.3984375 0.0334254564547203
-3.390625 0.0336876155588649
-3.3828125 0.0339518308023464
-3.375 0.034218118311666
-3.3671875 0.0344864943398061
-3.359375 0.0347569752672229
-3.3515625 0.0350295776028459
-3.34375 0.0353043179850858
-3.3359375 0.0355812131828502
-3.328125 0.0358602800965666
-3.3203125 0.0361415357592145
-3.3125 0.0364249973373641
-3.3046875 0.0367106821322257
-3.296875 0.0369986075807039
-3.2890625 0.0372887912564625
-3.28125 0.0375812508709978
-3.2734375 0.037876004274719
-3.265625 0.0381730694580377
-3.2578125 0.0384724645524655
-3.25 0.0387742078317221
-3.2421875 0.0390783177128491
-3.234375 0.0393848127573355
-3.2265625 0.039693711672249
-3.21875 0.0400050333113792
-3.2109375 0.0403187966763876
-3.203125 0.0406350209179673
-3.1953125 0.0409537253370131
-3.1875 0.0412749293857977
-3.1796875 0.0415986526691597
-3.171875 0.041924914945701
-3.1640625 0.0422537361289922
-3.15625 0.0425851362887876
-3.1484375 0.0429191356522504
-3.140625 0.0432557546051879
-3.1328125 0.0435950136932944
-3.125 0.0439369336234076
-3.1171875 0.0442815352647691
-3.109375 0.0446288396503013
-3.1015625 0.0449788679778897
-3.09375 0.0453316416116764
-3.0859375 0.0456871820833645
-3.078125 0.0460455110935329
-3.0703125 0.0464066505129602
-3.0625 0.0467706223839592
-3.0546875 0.0471374489217224
-3.046875 0.0475071525156794
-3.0390625 0.0478797557308616
-3.03125 0.0482552813092795
-3.0234375 0.0486337521713129
-3.015625 0.0490151914171066
-3.0078125 0.0493996223279837
-3 0.0497870683678641
-2.9921875 0.0501775531846972
-2.984375 0.0505711006119065
-2.9765625 0.0509677346698428
-2.96875 0.0513674795672508
-2.9609375 0.0517703597027469
-2.953125 0.0521763996663084
-2.9453125 0.0525856242407737
-2.9375 0.0529980584033558
-2.9296875 0.0534137273271662
-2.921875 0.0538326563827519
-2.9140625 0.0542548711396432
-2.90625 0.0546803973679146
-2.8984375 0.0551092610397586
-2.890625 0.0555414883310691
-2.8828125 0.05597710562304
-2.875 0.0564161395037773
-2.8671875 0.0568586167699181
-2.859375 0.0573045644282688
-2.8515625 0.0577540096974528
-2.84375 0.058206980009572
-2.8359375 0.0586635030118807
-2.828125 0.059123606568474
-2.8203125 0.0595873187619861
-2.8125 0.0600546678953081
-2.8046875 0.0605256824933117
-2.796875 0.0610003913045936
-2.7890625 0.0614788233032269
-2.78125 0.061961007690532
-2.7734375 0.0624469738968584
-2.765625 0.06293675158338
-2.7578125 0.0634303706439066
-2.75 0.0639278612067076
-2.7421875 0.0644292536363519
-2.734375 0.0649345785355609
-2.7265625 0.065443866747075
-2.71875 0.065957149355538
-2.7109375 0.0664744576893937
-2.703125 0.0669958233227975
-2.6953125 0.0675212780775444
-2.6875 0.06805085402501
-2.6796875 0.0685845834881103
-2.671875 0.0691224990432713
-2.6640625 0.0696646335224203
-2.65625 0.0702110200149883
-2.6484375 0.0707616918699296
-2.640625 0.0713166826977579
-2.6328125 0.0718760263725981
-2.625 0.0724397570342513
-2.6171875 0.0730079090902827
-2.609375 0.0735805172181174
-2.6015625 0.0741576163671597
-2.59375 0.0747392417609255
-2.5859375 0.0753254288991926
-2.578125 0.0759162135601665
-2.5703125 0.0765116318026642
-2.5625 0.0771117199683169
-2.5546875 0.0777165146837846
-2.546875 0.0783260528629958
-2.5390625 0.0789403717093975
-2.53125 0.0795595087182275
-2.5234375 0.0801835016788019
-2.515625 0.0808123886768223
-2.5078125 0.0814462080967
-2.5 0.0820849986238988
-2.4921875 0.0827287992472974
-2.484375 0.0833776492615663
-2.4765625 0.08403158826957
-2.46875 0.0846906561847808
-2.4609375 0.0853548932337155
-2.453125 0.0860243399583937
-2.4453125 0.0866990372188081
-2.4375 0.0873790261954208
-2.4296875 0.0880643483916759
-2.421875 0.0887550456365343
-2.4140625 0.0894511600870241
-2.40625 0.0901527342308166
-2.3984375 0.0908598108888155
-2.390625 0.0915724332177765
-2.3828125 0.0922906447129341
-2.375 0.0930144892106636
-2.3671875 0.0937440108911509
-2.359375 0.0944792542810922
-2.3515625 0.0952202642564114
-2.34375 0.0959670860449985
-2.3359375 0.096719765229469
-2.328125 0.0974783477499482
-2.3203125 0.0982428799068755
-2.3125 0.099013408363826
-2.3046875 0.0997899801503655
-2.296875 0.100572642664914
-2.2890625 0.101361443677644
-2.28125 0.102156431333395
-2.2734375 0.102957654154606
-2.265625 0.103765161044288
-2.2578125 0.104579001289002
-2.25 0.105399224561864
-2.2421875 0.106225880925587
-2.234375 0.107059020835527
-2.2265625 0.107898695142767
-2.21875 0.108744955097221
-2.2109375 0.109597852350759
-2.203125 0.110457438960365
-2.1953125 0.111323767391306
-2.1875 0.112196890520344
-2.1796875 0.113076861638956
-2.171875 0.11396373445659
-2.1640625 0.114857563103943
-2.15625 0.115758402136263
-2.1484375 0.116666306536681
-2.140625 0.117581331719566
-2.1328125 0.118503533533906
-2.125 0.11943296826672
-2.1171875 0.12036969264649
-2.109375 0.121313763846627
-2.1015625 0.122265239488956
-2.09375 0.123224177647237
-2.0859375 0.124190636850709
-2.078125 0.12516467608766
-2.0703125 0.126146354809029
-2.0625 0.127135732932035
-2.0546875 0.128132870843835
-2.046875 0.129137829405204
-2.0390625 0.130150669954259
-2.03125 0.131171454310194
-2.0234375 0.13220024477706
-2.015625 0.133237104147563
-2.0078125 0.134282095706898
-2 0.135335283236613
-1.9921875 0.136396731018499
-1.984375 0.13746650383852
-1.9765625 0.138544666990755
-1.96875 0.139631286281399
-1.9609375 0.140726428032765
-1.953125 0.141830159087342
-1.9453125 0.142942546811871
-1.9375 0.144063659101453
-1.9296875 0.145193564383703
-1.921875 0.146332331622915
-1.9140625 0.14748003032428
-1.90625 0.148636730538122
-1.8984375 0.149802502864181
-1.890625 0.150977418455914
-1.8828125 0.152161549024843
-1.875 0.153354966844929
-1.8671875 0.154557744756985
-1.859375 0.155769956173123
-1.8515625 0.156991675081234
-1.84375 0.158222976049499
-1.8359375 0.159463934230948
-1.828125 0.160714625368044
-1.8203125 0.161975125797304
-1.8125 0.163245512453958
-1.8046875 0.164525862876651
-1.796875 0.165816255212167
-1.7890625 0.167116768220206
-1.78125 0.168427481278184
-1.7734375 0.169748474386086
-1.765625 0.171079828171342
-1.7578125 0.172421623893753
-1.75 0.173773943450445
-1.7421875 0.175136869380875
-1.734375 0.176510484871862
-1.7265625 0.17789487376267
-1.71875 0.179290120550119
-1.7109375 0.180696310393749
-1.703125 0.182113529121014
-1.6953125 0.183541863232519
-1.6875 0.184981399907304
-1.6796875 0.186432227008162
-1.671875 0.187894433087002
-1.6640625 0.189368107390254
-1.65625 0.190853339864316
-1.6484375 0.192350221161047
-1.640625 0.193858842643295
-1.6328125 0.195379296390476
-1.625 0.196911675204194
-1.6171875 0.198456072613905
-1.609375 0.200012582882626
-1.6015625 0.201581301012687
-1.59375 0.203162322751532
-1.5859375 0.20475574459756
-1.578125 0.206361663806017
-1.5703125 0.207980178394932
-1.5625 0.209611387151098
-1.5546875 0.211255389636102
-1.546875 0.212912286192405
-1.5390625 0.214582177949458
-1.53125 0.216265166829888
-1.5234375 0.217961355555703
-1.515625 0.219670847654575
-1.5078125 0.221393747466153
-1.5 0.22313016014843
-1.4921875 0.224880191684164
-1.484375 0.226643948887348
-1.4765625 0.228421539409725
-1.46875 0.230213071747361
-1.4609375 0.232018655247271
-1.453125 0.233838400114084
-1.4453125 0.23567241741678
-1.4375 0.237520819095458
-1.4296875 0.239383717968179
-1.421875 0.241261227737844
-1.4140625 0.24315346299914
-1.40625 0.245060539245526
-1.3984375 0.246982572876293
-1.390625 0.248919681203661
-1.3828125 0.250871982459939
-1.375 0.252839595804746
-1.3671875 0.254822641332282
-1.359375 0.256821240078655
-1.3515625 0.258835514029272
-1.34375 0.260865586126285
-1.3359375 0.262911580276091
-1.328125 0.264973621356897
-1.3203125 0.267051835226343
-1.3125 0.269146348729184
-1.3046875 0.271257289705028
-1.296875 0.273384786996141
-1.2890625 0.275528970455316
-1.28125 0.27768997095379
-1.2734375 0.279867920389236
-1.265625 0.282062951693815
-1.2578125 0.284275198842288
-1.25 0.28650479686019
-1.2421875 0.288751881832078
-1.234375 0.291016590909833
-1.2265625 0.293299062321027
-1.21875 0.295599435377371
-1.2109375 0.297917850483207
-1.203125 0.300254449144083
-1.1953125 0.302609373975389
-1.1875 0.30498276871106
-1.1796875 0.307374778212351
-1.171875 0.309785548476682
-1.1640625 0.312215226646537
-1.15625 0.314663961018459
-1.1484375 0.317131901052093
-1.140625 0.31961919737931
-1.1328125 0.322126001813403
-1.125 0.32465246735835
-1.1171875 0.327198748218154
-1.109375 0.329764999806258
-1.1015625 0.332351378755023
-1.09375 0.334958042925295
-1.0859375 0.33758515141604
-1.078125 0.340232864574048
-1.0703125 0.342901344003732
-1.0625 0.345590752576975
-1.0546875 0.348301254443085
-1.046875 0.351033015038809
-1.0390625 0.353786201098432
-1.03125 0.356560980663947
-1.0234375 0.35935752309532
-1.015625 0.362175999080826
-1.0078125 0.36501658064746
-1 0.367879441171442
-0.9921875 0.370764755388804
-0.984375 0.373672699406043
-0.9765625 0.37660345071088
-0.96875 0.37955718818309
-0.9609375 0.382534092105416
-0.953125 0.385534344174579
-0.9453125 0.388558127512364
-0.9375 0.391605626676799
-0.9296875 0.394677027673417
-0.921875 0.397772517966612
-0.9140625 0.400892286491077
-0.90625 0.404036523663342
-0.8984375 0.407205421393389
-0.890625 0.41039917309637
-0.8828125 0.41361797370441
-0.875 0.416862019678509
-0.8671875 0.420131509020523
-0.859375 0.423426641285263
-0.8515625 0.426747617592663
-0.84375 0.430094640640062
-0.8359375 0.433467914714575
-0.828125 0.436867645705557
-0.8203125 0.440294041117178
-0.8125 0.44374731008108
-0.8046875 0.447227663369145
-0.796875 0.450735313406363
-0.7890625 0.454270474283787
-0.78125 0.457833361771615
-0.7734375 0.461424193332344
-0.765625 0.465043188134057
-0.7578125 0.468690567063788
-0.75 0.472366552741015
-0.7421875 0.476071369531237
-0.734375 0.479805243559677
-0.7265625 0.483568402725079
-0.71875 0.487361076713619
-0.7109375 0.491183497012923
-0.703125 0.495035896926199
-0.6953125 0.498918511586472
-0.6875 0.502831577970941
-0.6796875 0.506775334915438
-0.671875 0.51075002312901
-0.6640625 0.514755885208607
-0.65625 0.518793165653889
-0.6484375 0.522862110882153
-0.640625 0.526962969243371
-0.6328125 0.531095991035345
-0.625 0.53526142851899
-0.6171875 0.539459535933727
-0.609375 0.543690569513001
-0.6015625 0.54795478749992
-0.59375 0.552252450163021
-0.5859375 0.556583819812148
-0.578125 0.56094916081447
-0.5703125 0.565348739610614
-0.5625 0.569782824730923
-0.5546875 0.574251686811852
-0.546875 0.578755598612484
-0.5390625 0.583294835031177
-0.53125 0.587869673122347
-0.5234375 0.592480392113367
-0.515625 0.597127273421627
-0.5078125 0.601810600671694
-0.5 0.606530659712634
-0.4921875 0.611287738635451
-0.484375 0.616082127790678
-0.4765625 0.620914119806096
-0.46875 0.625784009604591
-0.4609375 0.630692094422161
-0.453125 0.635638673826052
-0.4453125 0.640624049733047
-0.4375 0.645648526427892
-0.4296875 0.650712410581866
-0.421875 0.655816011271501
-0.4140625 0.660959639997449
-0.40625 0.666143610703488
-0.3984375 0.67136823979569
-0.390625 0.676633846161729
-0.3828125 0.681940751190348
-0.375 0.687289278790972
-0.3671875 0.692679755413479
-0.359375 0.698112510068126
-0.3515625 0.703587874345628
-0.34375 0.709106182437398
-0.3359375 0.714667771155948
-0.328125 0.72027297995544
-0.3203125 0.725922150952408
-0.3125 0.731615628946642
-0.3046875 0.737353761442227
-0.296875 0.743136898668758
-0.2890625 0.748965393602715
-0.28125 0.754839601989007
-0.2734375 0.760759882362684
-0.265625 0.76672659607082
-0.2578125 0.772740107294572
-0.25 0.778800783071405
-0.2421875 0.784908993317492
-0.234375 0.791065110850296
-0.2265625 0.797269511411324
-0.21875 0.803522573689061
-0.2109375 0.809824679342079
-0.203125 0.81617621302234
-0.1953125 0.822577562398665
-0.1875 0.8290291181804
-0.1796875 0.835531274141265
-0.171875 0.842084427143382
-0.1640625 0.848688977161504
-0.15625 0.855345327307423
-0.1484375 0.862053883854576
-0.140625 0.868815056262843
-0.1328125 0.875629257203538
-0.125 0.882496902584595
-0.1171875 0.889418411575956
-0.109375 0.89639420663515
-0.1015625 0.903424713533087
-0.09375 0.910510361380034
-0.0859375 0.917651582651816
-0.078125 0.924848813216205
-0.0703125 0.932102492359528
-0.0625 0.939413062813476
-0.0546875 0.946780970782129
-0.046875 0.954206665969188
-0.0390625 0.961690601605425
-0.03125 0.969233234476344
-0.0234375 0.976835024950062
-0.015625 0.984496437005408
-0.0078125 0.992217938260243
0 1
0.0078125 1.00784309720645
0.015625 1.01574770858669
0.0234375 1.02371431660236
0.03125 1.0317434074991
0.0390625 1.03983547133623
0.046875 1.04799100201663
0.0546875 1.05621049731693
0.0625 1.06449445891786
0.0703125 1.07284339243488
0.078125 1.08125780744904
0.0859375 1.08973821753809
0.09375 1.09828514030783
0.1015625 1.10689909742366
0.109375 1.11558061464248
0.1171875 1.12433022184475
0.125 1.13314845306683
0.1328125 1.14203584653357
0.140625 1.15099294469118
0.1484375 1.16002029424033
0.15625 1.1691184461695
0.1640625 1.17828795578866
0.171875 1.1875293827631
0.1796875 1.19684329114762
0.1875 1.20623024942098
0.1953125 1.21569083052055
0.203125 1.22522561187731
0.2109375 1.23483517545109
0.21875 1.2445201077661
0.2265625 1.25428099994668
0.234375 1.26411844775347
0.2421875 1.27403305161966
0.25 1.28402541668774
0.2578125 1.29409615284637
0.265625 1.30424587476764
0.2734375 1.31447520194455
0.28125 1.32478475872887
0.2890625 1.3351751743692
0.296875 1.34564708304941
0.3046875 1.35620112392734
0.3125 1.3668379411738
0.3203125 1.37755818401188
0.328125 1.38836250675663
0.3359375 1.39925156885491
0.34375 1.41022603492571
0.3515625 1.4212865748007
0.359375 1.43243386356508
0.3671875 1.44366858159883
0.375 1.4549914146182
0.3828125 1.4664030537176
0.390625 1.47790419541174
0.3984375 1.48949554167817
0.40625 1.50117780000012
0.4140625 1.51295168340969
0.421875 1.52481791053133
0.4296875 1.53677720562576
0.4375 1.54883029863413
0.4453125 1.56097792522261
0.453125 1.57322082682725
0.4609375 1.58555975069927
0.46875 1.59799544995063
0.4765625 1.61052868360006
0.484375 1.62316021661931
0.4921875 1.63589081997989
0.5 1.64872127070013
0.5078125 1.66165235189257
0.515625 1.67468485281178
0.5234375 1.68781956890255
0.53125 1.7010573018484
0.5390625 1.71439885962054
0.546875 1.72784505652716
0.5546875 1.74139671326319
0.5625 1.7550546569603
0.5703125 1.76881972123747
0.578125 1.78269274625182
0.5859375 1.7966745787499
0.59375 1.81076607211939
0.6015625 1.82496808644116
0.609375 1.83928148854178
0.6171875 1.85370715204643
0.625 1.86824595743222
0.6328125 1.88289879208192
0.640625 1.89766655033812
0.6484375 1.91255013355785
0.65625 1.92755045016755
0.6640625 1.94266841571854
0.671875 1.95790495294292
0.6796875 1.97326099180984
0.6875 1.98873746958229
0.6953125 2.00433533087433
0.703125 2.0200555277087
0.7109375 2.03589901957494
0.71875 2.05186677348798
0.7265625 2.06795976404713
0.734375 2.08417897349557
0.7421875 2.10052539178033
0.75 2.11700001661267
0.7578125 2.13360385352902
0.765625 2.1503379159523
0.7734375 2.16720322525382
0.78125 2.18420081081562
0.7890625 2.20133171009325
0.796875 2.21859696867914
0.8046875 2.23599764036643
0.8125 2.25353478721321
0.8203125 2.27120947960743
0.828125 2.2890227963322
0.8359375 2.30697582463161
0.84375 2.32506966027712
0.8515625 2.34330540763444
0.859375 2.36168417973091
0.8671875 2.38020709832347
0.875 2.3988752939671
0.8828125 2.41768990608383
0.890625 2.43665208303229
0.8984375 2.45576298217781
0.90625 2.47502376996303
0.9140625 2.49443562197911
0.921875 2.51399972303752
0.9296875 2.53371726724229
0.9375 2.55358945806293
0.9453125 2.57361750840788
0.953125 2.59380264069854
0.9609375 2.61414608694387
0.96875 2.63464908881563
0.9765625 2.65531289772409
0.984375 2.67613877489447
0.9921875 2.69712799144392
1 2.71828182845904
1.0078125 2.73960157707417
1.015625 2.7610885385501
1.0234375 2.78274402435356
1.03125 2.80456935623723
1.0390625 2.82656586632042
1.046875 2.8487348971704
1.0546875 2.87107780188431
1.0625 2.89359594417176
1.0703125 2.91629069843808
1.078125 2.9391634498682
1.0859375 2.96221559451115
1.09375 2.98544853936535
1.1015625 3.00886370246444
1.109375 3.03246251296383
1.1171875 3.05624641122792
1.125 3.08021684891803
1.1328125 3.10437528908103
1.140625 3.12872320623859
1.1484375 3.15326208647719
1.15625 3.17799342753884
1.1640625 3.20291873891248
1.171875 3.22803954192612
1.1796875 3.25335736983971
1.1875 3.27887376793867
1.1953125 3.30459029362828
1.203125 3.3305085165287
1.2109375 3.35663001857074
1.21875 3.38295639409246
1.2265625 3.40948924993651
1.234375 3.4362302055481
1.2421875 3.46318089307395
1.25 3.49034295746184
1.2578125 3.51771805656105
1.265625 3.54530786122355
1.2734375 3.5731140554059
1.28125 3.60113833627217
1.2890625 3.62938241429743
1.296875 3.65784801337214
1.3046875 3.68653687090742
1.3125 3.71545073794111
1.3203125 3.74459137924455
1.328125 3.77396057343038
1.3359375 3.8035601130611
1.34375 3.83339180475841
1.3515625 3.86345746931354
1.359375 3.89375894179834
1.3671875 3.92429807167734
1.375 3.95507672292058
1.3828125 3.9860967741174
1.390625 4.01736011859111
1.3984375 4.04886866451453
1.40625 4.08062433502646
1.4140625 4.11262906834906
1.421875 4.1448848179062
1.4296875 4.17739355244256
1.4375 4.21015725614396
1.4453125 4.24317792875832
1.453125 4.27645758571784
1.4609375 4.30999825826188
1.46875 4.34380199356104
1.4765625 4.3778708548421
1.484375 4.4122069215139
1.4921875 4.4468122892943
1.5 4.48168907033806
1.5078125 4.51683939336581
1.515625 4.55226540379389
1.5234375 4.58796926386539
1.53125 4.62395315278207
1.5390625 4.66021926683742
1.546875 4.69676981955057
1.5546875 4.73360704180163
1.5625 4.77073318196759
1.5703125 4.80815050605979
1.578125 4.84586129786206
1.5859375 4.88386785907016
1.59375 4.92217250943228
1.6015625 4.96077758689068
1.609375 4.99968544772423
1.6171875 5.0388984666924
1.625 5.07841903718008
1.6328125 5.11824957134375
1.640625 5.15839250025868
1.6484375 5.19885027406721
1.65625 5.2396253621285
1.6640625 5.28072025316903
1.671875 5.3221374554347
1.6796875 5.36387949684375
1.6875 5.40594892514117
1.6953125 5.44834830805413
1.703125 5.4910802334488
1.7109375 5.53414730948813
1.71875 5.57755216479126
1.7265625 5.62129744859374
1.734375 5.66538583090944
1.7421875 5.70982000269328
1.75 5.75460267600572
1.7578125 5.79973658417814
1.765625 5.84522448197964
1.7734375 5.89106914578531
1.78125 5.93727337374561
1.7890625 5.98383998595714
1.796875 6.03077182463485
1.8046875 6.07807175428536
1.8125 6.12574266188199
1.8203125 6.17378745704081
1.828125 6.22220907219833
1.8359375 6.27101046279042
1.84375 6.32019460743274
1.8515625 6.36976450810249
1.859375 6.41972319032174
1.8671875 6.47007370334192
1.875 6.52081912033011
1.8828125 6.57196253855652
1.890625 6.62350707958357
1.8984375 6.67545588945634
1.90625 6.72781213889469
1.9140625 6.78057902348675
1.921875 6.83375976388396
1.9296875 6.88735760599762
1.9375 6.94137582119703
1.9453125 6.99581770650917
1.953125 7.05068658481992
1.9609375 7.10598580507686
1.96875 7.1617187424937
1.9765625 7.21788879875633
1.984375 7.2744994022303
1.9921875 7.33155400817026
2 7.38905609893065
2.0078125 7.44700918417843
2.015625 7.50541680110726
2.0234375 7.56428251465328
2.03125 7.62360991771274
2.0390625 7.68340263136139
2.046875 7.74366430507545
2.0546875 7.80439861695424
2.0625 7.8656092739449
2.0703125 7.92730001206839
2.078125 7.9894745966477
2.0859375 8.05213682253766
2.09375 8.11529051435648
2.1015625 8.17893952671908
2.109375 8.24308774447282
2.1171875 8.30773908293399
2.125 8.37289748812726
2.1328125 8.43856693702626
2.140625 8.50475143779648
2.1484375 8.57145503003979
2.15625 8.63868178504113
2.1640625 8.70643580601674
2.171875 8.77472122836504
2.1796875 8.84354221991859
2.1875 8.91290298119872
2.1953125 8.98280774567191
2.203125 9.05326078000803
2.2109375 9.12426638434099
2.21875 9.1958288925309
2.2265625 9.2679526724289
2.234375 9.34064212614352
2.2421875 9.41390169030948
2.25 9.48773583635852
2.2578125 9.56214907079216
2.265625 9.63714593545695
2.2734375 9.71273100782144
2.28125 9.78890890125587
2.2890625 9.86568426531352
2.296875 9.9430617860145
2.3046875 10.0210461861319
2.3125 10.0996422254801
2.3203125 10.1788547012048
2.328125 10.2586884480767
2.3359375 10.3391483387856
2.34375 10.4202392842386
2.3515625 10.5019662338594
2.359375 10.5843341758904
2.3671875 10.6673481376974
2.375 10.7510131860763
2.3828125 10.8353344275626
2.390625 10.9203170087423
2.3984375 11.0059661165671
2.40625 11.0922869786702
2.4140625 11.1792848636858
2.421875 11.2669650815702
2.4296875 11.3553329839266
2.4375 11.4443939643311
2.4453125 11.5341534586622
2.453125 11.6246169454326
2.4609375 11.7157899461234
2.46875 11.8076780255211
2.4765625 11.9002867920578
2.484375 11.9936218981525
2.4921875 12.087689040557
2.5 12.1824939607035
2.5078125 12.2780424450542
2.515625 12.3743403254557
2.5234375 12.4713934794939
2.53125 12.5692078308535
2.5390625 12.6677893496789
2.546875 12.7671440529392
2.5546875 12.8672780047951
2.5625 12.9681973169691
2.5703125 13.0699081491186
2.578125 13.1724167092114
2.5859375 13.2757292539056
2.59375 13.3798520889305
2.6015625 13.4847915694718
2.609375 13.5905541005599
2.6171875 13.69714613746
2.625 13.8045741860671
2.6328125 13.912844803302
2.640625 14.0219645975126
2.6484375 14.1319402288762
2.65625 14.242778409807
2.6640625 14.354485905365
2.671875 14.4670695336694
2.6796875 14.5805361663144
2.6875 14.694892728789
2.6953125 14.8101462008992
2.703125 14.9263036171946
2.7109375 15.0433720673972
2.71875 15.1613586968345
2.7265625 15.2802707068756
2.734375 15.4001153553705
2.7421875 15.5208999570932
2.75 15.6426318841882
2.7578125 15.7653185666205
2.765625 15.8889674926291
2.7734375 16.0135862091839
2.78125 16.1391823224464
2.7890625 16.2657634982339
2.796875 16.3933374624877
2.8046875 16.5219120017441
2.8125 16.6514949636101
2.8203125 16.7820942572424
2.828125 16.9137178538297
2.8359375 17.0463737870798
2.84375 17.1800701537093
2.8515625 17.3148151139384
2.859375 17.4506168919887
2.8671875 17.587483776585
2.875 17.7254241214617
2.8828125 17.8644463458718
2.890625 18.0045589351018
2.8984375 18.145770440989
2.90625 18.2880894824437
2.9140625 18.4315247459746
2.921875 18.5760849862204
2.9296875 18.7217790264826
2.9375 18.8686157592649
2.9453125 19.0166041468159
2.953125 19.1657532216759
2.9609375 19.3160720872283
2.96875 19.4675699182552
2.9765625 19.6202559614974
2.984375 19.7741395362188
2.9921875 19.9292300347753
3 20.0855369231876
3.0078125 20.24306974172
3.015625 20.4018381054612
3.0234375 20.5618517049124
3.03125 20.7231203065787
3.0390625 20.885653753564
3.046875 21.0494619661735
3.0546875 21.2145549425177
3.0625 21.3809427591233
3.0703125 21.5486355715486
3.078125 21.7176436150027
3.0859375 21.8879772049701
3.09375 22.0596467378411
3.1015625 22.232662691546
3.109375 22.407035626194
3.1171875 22.5827761847185
3.125 22.7598950935267
3.1328125 22.9384031631538
3.140625 23.1183112889231
3.1484375 23.2996304516111
3.15625 23.4823717181174
3.1640625 23.6665462421406
3.171875 23.8521652648586
3.1796875 24.039240115615
3.1875 24.2277822126109
3.1953125 24.4178030636012
3.203125 24.609314266597
3.2109375 24.8023275105738
3.21875 24.9968545761854
3.2265625 25.1929073364819
3.234375 25.390497757635
3.2421875 25.5896378996682
3.25 25.790339917193
3.2578125 25.9926160601509
3.265625 26.1964786745605
3.2734375 26.4019402032719
3.28125 26.6090131867249
3.2890625 26.8177102637161
3.296875 27.0280441721687
3.3046875 27.2400277499112
3.3125 27.4536739354602
3.3203125 27.66899576881
3.328125 27.8860063922296
3.3359375 28.1047190510634
3.34375 28.3251470945409
3.3515625 28.5473039765902
3.359375 28.7712032566608
3.3671875 28.9968586005493
3.375 29.224283781235
3.3828125 29.4534926797199
3.390625 29.6844992858763
3.3984375 29.9173176993004
3.40625 30.1519621301721
3.4140625 30.3884469001242
3.421875 30.6267864431147
3.4296875 30.8669953063094
3.4375 31.1090881509677
3.4453125 31.3530797533397
3.453125 31.5989850055665
3.4609375 31.8468189165903
3.46875 32.0965966130694
3.4765625 32.3483333403018
3.484375 32.6020444631563
3.4921875 32.8577454670099
3.5 33.1154519586922
3.5078125 33.3751796674399
3.515625 33.6369444458543
3.5234375 33.900762270871
3.53125 34.1666492447341
3.5390625 34.4346215959792
3.546875 34.7046956804237
3.5546875 34.9768879821654
3.5625 35.2512151145886
3.5703125 35.5276938213776
3.578125 35.8063409775396
3.5859375 36.0871735904339
3.59375 36.3702088008095
3.6015625 36.655463883853
3.609375 36.9429562502415
3.6171875 37.2327034472057
3.625 37.5247231596011
3.6328125 37.8190332109867
3.640625 38.1156515647144
3.6484375 38.4145963250236
3.65625 38.7158857381472
3.6640625 39.0195381934254
3.671875 39.3255722244269
3.6796875 39.6340065100824
3.6875 39.9448598758218
3.6953125 40.258151294726
3.703125 40.5738998886822
3.7109375 40.8921249295539
3.71875 41.2128458403547
3.7265625 41.5360821964349
3.734375 41.8618537266766
3.7421875 42.1901803146971
3.75 42.5210820000627
3.7578125 42.8545789795126
3.765625 43.1906916081902
3.7734375 43.5294404008872
3.78125 43.8708460332936
3.7890625 44.2149293432616
3.796875 44.5617113320773
3.8046875 44.9112131657403
3.8125 45.2634561762588
3.8203125 45.6184618629488
3.828125 45.9762518937486
3.8359375 46.3368481065395
3.84375 46.7002725104794
3.8515625 47.066547287347
3.859375 47.4356947928932
3.8671875 47.8077375582095
3.875 48.1826982910987
3.8828125 48.560599877465
3.890625 48.9414653827072
3.8984375 49.3253180531297
3.90625 49.7121813173596
3.9140625 50.102078787776
3.921875 50.4950342619538
3.9296875 50.891071724113
3.9375 51.2902153465855
3.9453125 51.6924894912888
3.953125 52.0979187112122
3.9609375 52.5065277519176
3.96875 52.918341553049
3.9765625 53.3333852498538
3.984375 53.7516841747173
3.9921875 54.1732638587097
4 54.5981500331442
