
         1          5          4          9          9 
         9          5          9          8          6 
         1          4          9          8          5 
         2          1          4          3          7 
         5          4          8          8          4 

   -0.0231     0.0324      -0.19     0.0416      0.168 
     0.147      0.694      0.509     -0.465      -1.19 
     -0.13     0.0821      0.234     0.0341     -0.182 
     0.052     -0.473     -0.373      0.106      0.873 
    0.0376     0.0474    0.00809      0.132     -0.147 

         1  -6.66e-16  -5.13e-16  -6.66e-16  -1.78e-15 
  4.16e-16          1   4.02e-16          0   1.55e-15 
  3.33e-16   4.16e-16          1   3.33e-16  -9.99e-16 
         0  -3.33e-16  -1.25e-16          1   4.44e-16 
 -5.55e-16  -1.53e-15   -7.7e-16  -1.11e-16          1 
A*A^-1 is approximately equal to I: False
