-5.1 0.0713672779724467 NaN
-5.0921875 0.0782699804442944 NaN
-5.084375 0.086477986606817 NaN
-5.0765625 0.0963915701048122 NaN
-5.06875 0.1085929791398 NaN
-5.0609375 0.123963088027622 NaN
-5.053125 0.143900976680239 NaN
-5.0453125 0.170770661372519 NaN
-5.0375 0.208906239089936 NaN
-5.0296875 0.267204102060643 NaN
-5.021875 0.367269897943344 NaN
-5.0140625 0.578722024349758 NaN
-5.00625 1.31927133317074 NaN
-4.9984375 -5.34759027470287 NaN
-4.990625 -0.903344248760222 NaN
-4.9828125 -0.499505950564549 NaN
-4.975 -0.348196677317903 NaN
-4.9671875 -0.269041360656372 NaN
-4.959375 -0.220415075616562 NaN
-4.9515625 -0.187547766895597 NaN
-4.94375 -0.163875036710744 NaN
-4.9359375 -0.146034697778684 NaN
-4.928125 -0.132126444047984 NaN
-4.9203125 -0.120995244655217 NaN
-4.9125 -0.111898634096703 NaN
-4.9046875 -0.104337630302126 NaN
-4.896875 -0.0979645082443941 NaN
-4.8890625 -0.0925295425604035 NaN
-4.88125 -0.0878487729342534 NaN
-4.8734375 -0.0837837083398772 NaN
-4.865625 -0.0802281113116586 NaN
-4.8578125 -0.0770991391621736 NaN
-4.85 -0.0743312536836997 NaN
-4.8421875 -0.0718719399650324 NaN
-4.834375 -0.069678636981503 NaN
-4.8265625 -0.0677164978750329 NaN
-4.81875 -0.0659567295944357 NaN
-4.8109375 -0.0643753443204044 NaN
-4.803125 -0.0629522082988131 NaN
-4.7953125 -0.0616703086306789 NaN
-4.7875 -0.0605151819359224 NaN
-4.7796875 -0.0594744647187987 NaN
-4.771875 -0.058537536269662 NaN
-4.7640625 -0.0576952326644256 NaN
-4.75625 -0.0569396159209777 NaN
-4.7484375 -0.0562637863331251 NaN
-4.740625 -0.0556617288901581 NaN
-4.7328125 -0.055128186817891 NaN
-4.725 -0.0546585568608185 NaN
-4.7171875 -0.0542488021151993 NaN
-4.709375 -0.0538953791251748 NaN
-4.7015625 -0.0535951766438844 NaN
-4.69375 -0.0533454639931243 NaN
-4.6859375 -0.0531438473678159 NaN
-4.678125 -0.0529882327542491 NaN
-4.6703125 -0.0528767943851242 NaN
-4.6625 -0.0528079478557056 NaN
-4.6546875 -0.0527803271859158 NaN
-4.646875 -0.0527927652419531 NaN
-4.6390625 -0.0528442770349292 NaN
-4.63125 -0.0529340454983874 NaN
-4.6234375 -0.0530614094154481 NaN
-4.615625 -0.0532258532229249 NaN
-4.6078125 -0.0534269984665786 NaN
-4.6 -0.053664596720617 NaN
-4.5921875 -0.0539385238172326 NaN
-4.584375 -0.0542487752595923 NaN
-4.5765625 -0.0545954627152541 NaN
-4.56875 -0.0549788115073068 NaN
-4.5609375 -0.0553991590382554 NaN
-4.553125 -0.055856954097353 NaN
-4.5453125 -0.0563527570161782 NaN
-4.5375 -0.0568872406501426 NaN
-4.5296875 -0.0574611921756479 NaN
-4.521875 -0.058075515704062 NaN
-4.5140625 -0.0587312357248561 NaN
-4.50625 -0.0594295014013623 NaN
-4.4984375 -0.0601715917539285 NaN
-4.490625 -0.0609589217770369 NaN
-4.4828125 -0.0617930495494034 NaN
-4.475 -0.0626756844095322 NaN
-4.4671875 -0.0636086962839083 NaN
-4.459375 -0.0645941262712845 NaN
-4.4515625 -0.0656341986047971 NaN
-4.44375 -0.0667313341342714 NaN
-4.4359375 -0.0678881654946086 NaN
-4.428125 -0.069107554153153 NaN
-4.4203125 -0.0703926095601095 NaN
-4.4125 -0.071746710662275 NaN
-4.4046875 -0.0731735300825512 NaN
-4.396875 -0.0746770613171604 NaN
-4.3890625 -0.0762616493606512 NaN
-4.38125 -0.0779320252375 NaN
-4.3734375 -0.079693345000596 NaN
-4.365625 -0.081551233853891 NaN
-4.3578125 -0.0835118361724405 NaN
-4.35 -0.0855818723321308 NaN
-4.3421875 -0.0877687034289823 NaN
-4.334375 -0.090080405170603 NaN
-4.3265625 -0.0925258524686355 NaN
-4.31875 -0.0951148165615375 NaN
-4.3109375 -0.0978580768654192 NaN
-4.303125 -0.100767550204421 NaN
-4.2953125 -0.103856440633865 NaN
-4.2875 -0.107139413768457 NaN
-4.2796875 -0.110632800402621 NaN
-4.271875 -0.114354835310946 NaN
-4.2640625 -0.118325938510829 NaN
-4.25625 -0.122569048045889 NaN
-4.2484375 -0.127110015628062 NaN
-4.240625 -0.131978079421533 NaN
-4.2328125 -0.137206432086478 NaN
-4.225 -0.142832907233665 NaN
-4.2171875 -0.148900814103499 NaN
-4.209375 -0.155459959183002 NaN
-4.2015625 -0.162567905478713 NaN
-4.19375 -0.17029153652445 NaN
-4.1859375 -0.178709014750737 NaN
-4.178125 -0.18791225529101 NaN
-4.1703125 -0.198010080731245 NaN
-4.1625 -0.209132285966395 NaN
-4.1546875 -0.221434934918583 NaN
-4.146875 -0.23510734778933 NaN
-4.1390625 -0.250381443663318 NaN
-4.13125 -0.267544419861221 NaN
-4.1234375 -0.286956246349774 NaN
-4.115625 -0.30907425260302 NaN
-4.1078125 -0.334488404537576 NaN
-4.1 -0.363973117659478 NaN
-4.0921875 -0.39856541604368 NaN
-4.084375 -0.439686513154035 NaN
-4.0765625 -0.48933783011021 NaN
-4.06875 -0.550430663014862 NaN
-4.0609375 -0.627369440814795 NaN
-4.053125 -0.72714962278733 NaN
-4.0453125 -0.861591352456034 NaN
-4.0375 -1.05236517941555 NaN
-4.0296875 -1.34395313208314 NaN
-4.021875 -1.84438351873423 NaN
-4.0140625 -2.9017484002162 NaN
-4.00625 -6.60460211168597 NaN
-3.9984375 26.7295957637108 NaN
-3.990625 4.508252391469 NaN
-3.9828125 2.48894449429742 NaN
-3.975 1.73227846965657 NaN
-3.9671875 1.33637888363532 NaN
-3.959375 1.09312101563589 NaN
-3.9515625 0.928654489518978 NaN
-3.94375 0.810157212738742 NaN
-3.9359375 0.720818141066975 NaN
-3.928125 0.651135632073972 NaN
-3.9203125 0.595334414717622 NaN
-3.9125 0.549702040000054 NaN
-3.9046875 0.511743471122459 NaN
-3.896875 0.479719951309268 NaN
-3.8890625 0.452382716674223 NaN
-3.88125 0.428811822885325 NaN
-3.8734375 0.40831466611262 NaN
-3.865625 0.390359904100789 NaN
-3.8578125 0.374533161961247 NaN
-3.85 0.360506580365944 NaN
-3.8421875 0.34801740929943 NaN
-3.834375 0.336852660657454 NaN
-3.8265625 0.326837909274964 NaN
-3.81875 0.317828990733187 NaN
-3.8109375 0.309705758066445 NaN
-3.803125 0.302367325485237 NaN
-3.7953125 0.295728401855552 NaN
-3.7875 0.289716433518228 NaN
-3.7796875 0.284269355585633 NaN
-3.771875 0.279333805886793 NaN
-3.7640625 0.274863694365365 NaN
-3.75625 0.27081904822415 NaN
-3.7484375 0.267165072916199 NaN
-3.740625 0.263871383519906 NaN
-3.7328125 0.26091137167405 NaN
-3.725 0.258261681167367 NaN
-3.7171875 0.255901771227792 NaN
-3.709375 0.25381355106762 NaN
-3.7015625 0.251981072689763 NaN
-3.69375 0.250390271617727 NaN
-3.6859375 0.249028747275125 NaN
-3.678125 0.247885576353472 NaN
-3.6703125 0.246951153776776 NaN
-3.6625 0.246217056877227 NaN
-3.6546875 0.245675929198193 NaN
-3.646875 0.245321380983701 NaN
-3.6390625 0.245147903932351 NaN
-3.63125 0.245150798214407 NaN
-3.6234375 0.245326110094236 NaN
-3.615625 0.245670578782063 NaN
-3.6078125 0.246181591371782 NaN
-3.6 0.246857144914838 NaN
-3.5921875 0.247695814841948 NaN
-3.584375 0.248696729080693 NaN
-3.5765625 0.24985954733278 NaN
-3.56875 0.251184445074008 NaN
-3.5609375 0.252672101926043 NaN
-3.553125 0.25432369412451 NaN
-3.5453125 0.256140890875097 NaN
-3.5375 0.258125854450022 NaN
-3.5296875 0.26028124393313 NaN
-3.521875 0.262610222574305 NaN
-3.5140625 0.265116468764233 NaN
-3.50625 0.267804190689889 NaN
-3.4984375 0.270678144780563 NaN
-3.490625 0.273743658105006 NaN
-3.4828125 0.277006654933185 NaN
-3.475 0.280473687732657 NaN
-3.4671875 0.284151972930772 NaN
-3.459375 0.288049431841009 NaN
-3.4515625 0.292174737226667 NaN
-3.44375 0.296537366059169 NaN
-3.4359375 0.30114765912374 NaN
-3.428125 0.306016888234431 NaN
-3.4203125 0.311157331946172 NaN
-3.4125 0.316582360797289 NaN
-3.4046875 0.322306533285487 NaN
-3.396875 0.328345703978889 NaN
-3.3890625 0.334717145396983 NaN
-3.38125 0.341439685571797 NaN
-3.3734375 0.348533863526044 NaN
-3.365625 0.356022105293393 NaN
-3.3578125 0.363928923570213 NaN
-3.35 0.372281144644769 NaN
-3.3421875 0.381108166920534 NaN
-3.334375 0.390442256161332 NaN
-3.3265625 0.400318883571331 NaN
-3.31875 0.41077711402514 NaN
-3.3109375 0.421860053237018 NaN
-3.303125 0.4336153644734 NaN
-3.2953125 0.44609586766015 NaN
-3.2875 0.459360236532261 NaN
-3.2796875 0.473473812973091 NaN
-3.271875 0.488509562093948 NaN
-3.2640625 0.504549197181331 NaN
-3.25625 0.521684510745317 NaN
-3.2484375 0.540018957019844 NaN
-3.240625 0.559669543046937 NaN
-3.2328125 0.580769100816046 NaN
-3.225 0.603469033062234 NaN
-3.2171875 0.627942651977098 NaN
-3.209375 0.654389265685949 NaN
-3.2015625 0.683039215362907 NaN
-3.19375 0.714160131299413 NaN
-3.1859375 0.748064766433163 NaN
-3.178125 0.78512089163775 NaN
-3.1703125 0.82576391479952 NaN
-3.1625 0.87051314033512 NaN
-3.1546875 0.91999295616955 NaN
-3.146875 0.974960782863876 NaN
-3.1390625 1.0363444441627 NaN
-3.13125 1.10529288455167 NaN
-3.1234375 1.1832461470579 NaN
-3.115625 1.2720337208693 NaN
-3.1078125 1.37401564926451 NaN
-3.1 1.49228978240386 NaN
-3.0921875 1.63100441346625 NaN
-3.084375 1.79584460216351 NaN
-3.0765625 1.99481624805865 NaN
-3.06875 2.23956476014172 NaN
-3.0609375 2.54770808855883 NaN
-3.053125 2.9472283148599 NaN
-3.0453125 3.4854062679823 NaN
-3.0375 4.24892441189028 NaN
-3.0296875 5.41571113694127 NaN
-3.021875 7.41787996440921 NaN
-3.0140625 11.6477994377428 NaN
-3.00625 26.4596872099418 NaN
-2.9984375 -106.876618061465 NaN
-2.990625 -17.990744699706 NaN
-2.9828125 -9.91299924369398 NaN
-2.975 -6.88580691688488 NaN
-2.9671875 -5.30166560242201 NaN
-2.959375 -4.32807602128335 NaN
-2.9515625 -3.66963625623984 NaN
-2.94375 -3.19505750773842 NaN
-2.9359375 -2.8370951521058 NaN
-2.928125 -2.55774215474057 NaN
-2.9203125 -2.33389694769768 NaN
-2.9125 -2.15070923150021 NaN
-2.9046875 -1.99819833489848 NaN
-2.896875 -1.8694086852583 NaN
-2.8890625 -1.75934465906585 NaN
-2.88125 -1.66432588757367 NaN
-2.8734375 -1.5815813395206 NaN
-2.865625 -1.50898500428961 NaN
-2.8578125 -1.44487871387862 NaN
-2.85 -1.38795033440888 NaN
-2.8421875 -1.33714813979266 NaN
-2.834375 -1.29161942070842 NaN
-2.8265625 -1.25066568720998 NaN
-2.81875 -1.21370945836236 NaN
-2.8109375 -1.18026928738134 NaN
-2.803125 -1.14994073473604 NaN
-2.7953125 -1.1223817001674 NaN
-2.7875 -1.09730099195029 NaN
-2.7796875 -1.07444932994007 NaN
-2.771875 -1.05361219907925 NaN
-2.7640625 -1.03460412457213 NaN
-2.75625 -1.01726404989196 NaN
-2.7484375 -1.00145157800931 NaN
-2.740625 -0.987043893979147 NaN
-2.7328125 -0.973933229577039 NaN
-2.725 -0.962024762348443 NaN
-2.7171875 -0.951234865235808 NaN
-2.709375 -0.941489640991454 NaN
-2.7015625 -0.932723689378199 NaN
-2.69375 -0.924879065787979 NaN
-2.6859375 -0.917904398159406 NaN
-2.678125 -0.911754135525113 NaN
-2.6703125 -0.906387906596322 NaN
-2.6625 -0.901769970812844 NaN
-2.6546875 -0.897868747491519 NaN
-2.646875 -0.894656411274934 NaN
-2.6390625 -0.892108544153821 NaN
-2.63125 -0.890203836016065 NaN
-2.6234375 -0.888923827044582 NaN
-2.615625 -0.888252686408895 NaN
-2.6078125 -0.888177022621007 NaN
-2.6 -0.888685721693418 NaN
-2.5921875 -0.88976980987756 NaN
-2.584375 -0.89142233829861 NaN
-2.5765625 -0.893638287257396 NaN
-2.56875 -0.896414488357866 NaN
-2.5609375 -0.899749562952268 NaN
-2.553125 -0.903643875686151 NaN
-2.5453125 -0.908099502180619 NaN
-2.5375 -0.913120210116953 NaN
-2.5296875 -0.918711453195219 NaN
-2.521875 -0.924880377628882 NaN
-2.5140625 -0.931635841016813 NaN
-2.50625 -0.938988443606422 NaN
-2.4984375 -0.946950572130749 NaN
-2.490625 -0.955536456572788 NaN
-2.4828125 -0.964762240384483 NaN
-2.475 -0.974646064870982 NaN
-2.4671875 -0.98520816864591 NaN
-2.459375 -0.996471003274992 NaN
-2.4515625 -1.00845936645892 NaN
-2.44375 -1.02120055436626 NaN
-2.4359375 -1.03472453502048 NaN
-2.428125 -1.04906414497866 NaN
-2.4203125 -1.06425531192214 NaN
-2.4125 -1.08033730622075 NaN
-2.4046875 -1.09735302504543 NaN
-2.396875 -1.11534931320329 NaN
-2.3890625 -1.13437732557196 NaN
-2.38125 -1.15449293683964 NaN
-2.3734375 -1.17575720523864 NaN
-2.365625 -1.19823689812808 NaN
-2.3578125 -1.22200508867561 NaN
-2.35 -1.24714183455998 NaN
-2.3421875 -1.27373495162972 NaN
-2.334375 -1.30188089788794 NaN
-2.3265625 -1.33168578613025 NaN
-2.31875 -1.36326654717093 NaN
-2.3109375 -1.39675227001444 NaN
-2.303125 -1.4322857507762 NaN
-2.2953125 -1.47002528889884 NaN
-2.2875 -1.51014677759981 NaN
-2.2796875 -1.55284614598518 NaN
-2.271875 -1.59834222347613 NaN
-2.2640625 -1.64688011392469 NaN
-2.25625 -1.69873518811444 NaN
-2.2484375 -1.75421783069415 NaN
-2.240625 -1.81367911293648 NaN
-2.2328125 -1.87751760873188 NaN
-2.225 -1.94618763162571 NaN
-2.2171875 -2.02020925065757 NaN
-2.209375 -2.10018054956084 NaN
-2.2015625 -2.1867927379353 NaN
-2.19375 -2.2808489193375 NaN
-2.1859375 -2.38328759180815 NaN
-2.178125 -2.49521233373622 NaN
-2.1703125 -2.61792966113785 NaN
-2.1625 -2.75299780630982 NaN
-2.1546875 -2.90229027891613 NaN
-2.146875 -3.06807971357476 NaN
-2.1390625 -3.25314998175448 NaN
-2.13125 -3.46094834475242 NaN
-2.1234375 -3.69579538745115 NaN
-2.115625 -3.96318006158341 NaN
-2.1078125 -4.27018300997987 NaN
-2.1 -4.62609832545195 NaN
-2.0921875 -5.04337145976516 NaN
-2.084375 -5.53905819479806 NaN
-2.0765625 -6.13717686316797 NaN
-2.06875 -6.8726643576849 NaN
-2.0609375 -7.79837522732307 NaN
-2.053125 -8.99825644880661 NaN
-2.0453125 -10.6141512754649 NaN
-2.0375 -12.9061079011167 NaN
-2.0296875 -16.4079123352016 NaN
-2.021875 -22.415906017449 NaN
-2.0140625 -35.1071954928209 NaN
-2.00625 -79.5444346748869 NaN
-1.9984375 320.46285946874 NaN
-1.990625 53.803570867557 NaN
-1.9828125 29.568618056581 NaN
-1.975 20.4852755777323 NaN
-1.9671875 15.7310359046866 NaN
-1.959375 12.8083999754853 NaN
-1.9515625 10.8311607625579 NaN
-1.94375 9.40545053840501 NaN
-1.9359375 8.32953404813562 NaN
-1.928125 7.48938874684977 NaN
-1.9203125 6.81570843007338 NaN
-1.9125 6.26394063674437 NaN
-1.9046875 5.8041417259004 NaN
-1.896875 5.41544328510765 NaN
-1.8890625 5.08285667908241 NaN
-1.88125 4.79533896357163 NaN
-1.8734375 4.54457513027872 NaN
-1.865625 4.32418515291742 NaN
-1.8578125 4.12919244950626 NaN
-1.85 3.95565845306532 NaN
-1.8421875 3.80042572856694 NaN
-1.834375 3.66093379557044 NaN
-1.8265625 3.53508473150446 NaN
-1.81875 3.42114353575889 NaN
-1.8109375 3.3176631999985 NaN
-1.803125 3.22342762205696 NaN
-1.7953125 3.13740759624919 NaN
-1.7875 3.05872651506144 NaN
-1.7796875 2.98663337181779 NaN
-1.771875 2.92048131432279 NaN
-1.7640625 2.85971046307516 NaN
-1.75625 2.80383403751473 NaN
-1.7484375 2.75242707143497 NaN
-1.740625 2.7051171719366 NaN
-1.7328125 2.6615769039535 NaN
-1.725 2.62151747739951 NaN
-1.7171875 2.58468348538292 NaN
-1.709375 2.55084849606122 NaN
-1.7015625 2.51981134208579 NaN
-1.69375 2.49139298346637 NaN
-1.6859375 2.46543384443128 NaN
-1.678125 2.44179154420319 NaN
-1.6703125 2.42033895683299 NaN
-1.6625 2.4009625472892 NaN
-1.6546875 2.38356094060639 NaN
-1.646875 2.36804368859334 NaN
-1.6390625 2.35433020480594 NaN
-1.63125 2.34234884351727 NaN
-1.6234375 2.33203610251227 NaN
-1.615625 2.32333593288827 NaN
-1.6078125 2.31619914180384 NaN
-1.6 2.31058287640289 NaN
-1.5921875 2.30645017904199 NaN
-1.584375 2.30376960554047 NaN
-1.5765625 2.30251489951163 NaN
-1.56875 2.30266471696927 NaN
-1.5609375 2.30420239637307 NaN
-1.553125 2.3071157701112 NaN
-1.5453125 2.3113970141441 NaN
-1.5375 2.31704253317177 NaN
-1.5296875 2.32405287925478 NaN
-1.521875 2.33243270233284 NaN
-1.5140625 2.34219073155633 NaN
-1.50625 2.3533397867886 NaN
-1.4984375 2.36589682005792 NaN
-1.490625 2.3798829871516 NaN
-1.4828125 2.3953237499546 NaN
-1.475 2.41224901055568 NaN
-1.4671875 2.43069327858108 NaN
-1.459375 2.45069587367943 NaN
-1.4515625 2.47230116558444 NaN
-1.44375 2.49555885473255 NaN
-1.4359375 2.52052429702644 NaN
-1.428125 2.5472588770263 NaN
-1.4203125 2.57583043463655 NaN
-1.4125 2.60631375125755 NaN
-1.4046875 2.63879110241394 NaN
-1.396875 2.67335288508414 NaN
-1.3890625 2.71009832937427 NaN
-1.38125 2.74913630584939 NaN
-1.3734375 2.79058624180858 NaN
-1.365625 2.83457916213423 NaN
-1.3578125 2.88125887314295 NaN
-1.35 2.93078331121594 NaN
-1.3421875 2.98332608202024 NaN
-1.334375 3.03907822100716 NaN
-1.3265625 3.09825021179367 NaN
-1.31875 3.1610743062526 NaN
-1.3109375 3.22780719898649 NaN
-1.303125 3.29873311975644 NaN
-1.2953125 3.37416742092561 NaN
-1.2875 3.45446075375955 NaN
-1.2796875 3.5400039484256 NaN
-1.271875 3.63123373895984 NaN
-1.2640625 3.72863950793261 NaN
-1.25625 3.8327712681832 NaN
-1.2484375 3.94424915370138 NaN
-1.240625 4.0637747624233 NaN
-1.2328125 4.19214478574664 NaN
-1.225 4.33026748036719 NaN
-1.2171875 4.47918269794233 NaN
-1.209375 4.64008640168598 NaN
-1.2015625 4.81436088711069 NaN
-1.19375 5.00361231679664 NaN
-1.1859375 5.20971772021813 NaN
-1.178125 5.43488436441921 NaN
-1.1703125 5.68172546768824 NaN
-1.1625 5.95335775614498 NaN
-1.1546875 6.25352858535208 NaN
-1.146875 6.58678363508081 NaN
-1.1390625 6.95869113284668 NaN
-1.13125 7.37614615975359 NaN
-1.1234375 7.84779051804079 NaN
-1.115625 8.3846028177874 NaN
-1.1078125 9.00074512572318 NaN
-1.1 9.7148064834491 NaN
-1.0921875 10.5516787259774 NaN
-1.084375 11.5454744247822 NaN
-1.0765625 12.7442313299222 NaN
-1.06875 14.2178243899606 NaN
-1.0609375 16.0719639450611 NaN
-1.053125 18.4745452714561 NaN
-1.0453125 21.7092562805993 NaN
-1.0375 26.2961948485252 NaN
-1.0296875 33.3029345678544 NaN
-1.021875 45.3221599790297 NaN
-1.0140625 70.7080859222601 NaN
-1.00625 159.586022066494 NaN
-0.9984375 -640.424995719518 NaN
-0.990625 -107.102733258233 NaN
-0.9828125 -58.6290254903151 NaN
-0.975 -40.4584192660214 NaN
-0.9671875 -30.9458971937507 NaN
-0.959375 -25.0964587019666 NaN
-0.9515625 -21.1376871756794 NaN
-0.94375 -18.2818444840248 NaN
-0.9359375 -16.1254573213126 NaN
-0.928125 -14.4404776775197 NaN
-0.9203125 -13.0882900946253 NaN
-0.9125 -11.9797864677736 NaN
-0.9046875 -11.0550761935509 NaN
-0.896875 -10.2724189814386 NaN
-0.8890625 -9.60183394532912 NaN
-0.88125 -9.02123142521913 NaN
-0.8734375 -8.51397747063155 NaN
-0.865625 -8.06730792591157 NaN
-0.8578125 -7.67126534759835 NaN
-0.85 -7.31796813817084 NaN
-0.8421875 -7.00109677184441 NaN
-0.834375 -6.71552543124952 NaN
-0.8265625 -6.45705320488861 NaN
-0.81875 -6.22220480566149 NaN
-0.8109375 -6.00808070124729 NaN
-0.803125 -5.81224293102146 NaN
-0.7953125 -5.63262707514112 NaN
-0.7875 -5.46747364567232 NaN
-0.7796875 -5.31527407890698 NaN
-0.771875 -5.1747278288157 NaN
-0.7640625 -5.04470798876852 NaN
-0.75625 -4.92423352838524 NaN
-0.7484375 -4.81244670771208 NaN
-0.740625 -4.70859457740214 NaN
-0.7328125 -4.61201372888193 NaN
-0.725 -4.52211764851415 NaN
-0.7171875 -4.43838617255598 NaN
-0.709375 -4.36035664795465 NaN
-0.7015625 -4.28761648676786 NaN
-0.69375 -4.21979686574616 NaN
-0.6859375 -4.15656737209586 NaN
-0.678125 -4.09763143511598 NaN
-0.6703125 -4.0427224138351 NaN
-0.6625 -3.99160023486829 NaN
-0.6546875 -3.94404849390964 NaN
-0.646875 -3.89987194965216 NaN
-0.6390625 -3.85889435131474 NaN
-0.63125 -3.82095655098755 NaN
-0.6234375 -3.78591486017226 NaN
-0.615625 -3.7536396165726 NaN
-0.6078125 -3.72401393268149 NaN
-0.6 -3.69693260224462 NaN
-0.5921875 -3.67230114444341 NaN
-0.584375 -3.65003496877818 NaN
-0.5765625 -3.63005864626131 NaN
-0.56875 -3.61230527474554 NaN
-0.5609375 -3.59671592808859 NaN
-0.553125 -3.58323918045396 NaN
-0.5453125 -3.57183069841956 NaN
-0.5375 -3.56245289475159 NaN
-0.5296875 -3.55507463873505 NaN
-0.521875 -3.54967101886278 NaN
-0.5140625 -3.54622315449701 NaN
-0.50625 -3.54471805385032 NaN
-0.4984375 -3.54514851630554 NaN
-0.490625 -3.54751307772285 NaN
-0.4828125 -3.55181599797955 NaN
-0.475 -3.55806729056963 NaN
-0.4671875 -3.56628279466818 NaN
-0.459375 -3.57648429065092 NaN
-0.4515625 -3.58869966066867 NaN
-0.44375 -3.60296309652012 NaN
-0.4359375 -3.6193153577614 NaN
-0.428125 -3.63780408375319 NaN
-0.4203125 -3.65848416419473 NaN
-0.4125 -3.68141817365129 NaN
-0.4046875 -3.70667687667207 NaN
-0.396875 -3.7343398113519 NaN
-0.3890625 -3.76449596064644 NaN
-0.38125 -3.79724452245447 NaN
-0.3734375 -3.83269579148397 NaN
-0.365625 -3.87097216828955 NaN
-0.3578125 -3.91220931368941 NaN
-0.35 -3.95655747014152 NaN
-0.3421875 -4.00418297571154 NaN
-0.334375 -4.05527000115644 NaN
-0.3265625 -4.11002254658254 NaN
-0.31875 -4.16866674137062 NaN
-0.3109375 -4.23145349992135 NaN
-0.303125 -4.29866159668261 NaN
-0.2953125 -4.3706012374177 NaN
-0.2875 -4.44761822046543 NaN
-0.2796875 -4.53009880275088 NaN
-0.271875 -4.61847541173955 NaN
-0.2640625 -4.71323337799607 NaN
-0.25625 -4.81491890565514 NaN
-0.2484375 -4.92414855282406 NaN
-0.240625 -5.0416205646314 NaN
-0.2328125 -5.16812849367827 NaN
-0.225 -5.30457766344981 NaN
-0.2171875 -5.45200519015168 NaN
-0.209375 -5.61160449203898 NaN
-0.2015625 -5.78475550341893 NaN
-0.19375 -5.97306220317599 NaN
-0.1859375 -6.17839960882119 NaN
-0.178125 -6.40297314183138 NaN
-0.1703125 -6.64939433640389 NaN
-0.1625 -6.92077839151853 NaN
-0.1546875 -7.22087128839873 NaN
-0.146875 -7.5542174814833 NaN
-0.1390625 -7.92638411850817 NaN
-0.13125 -8.34426534322125 NaN
-0.1234375 -8.81650216011145 NaN
-0.115625 -9.35407251859406 NaN
-0.1078125 -9.97113795959021 NaN
-0.0999999999999996 -10.686287131794 NaN
-0.0921874999999996 -11.5244116085285 NaN
-0.0843749999999996 -12.5196238293732 NaN
-0.0765624999999996 -13.7199615411194 NaN
-0.0687499999999996 -15.1952998167704 NaN
-0.0609374999999996 -17.0513492479633 NaN
-0.0531249999999996 -19.4560054890021 NaN
-0.0453124999999996 -22.6929569558139 NaN
-0.0374999999999996 -27.2823021553449 NaN
-0.0296874999999996 -34.2916154378375 NaN
-0.0218749999999996 -46.313582228571 NaN
-0.0140624999999996 -71.7024183805413 NaN
-0.00624999999999964 -160.583434704408 NaN
0.00156250000000036 639.424320537031 NaN
0.00937500000000036 106.098643290018 NaN
0.0171875000000004 57.6213381145183 NaN
0.0250000000000004 39.4469581004892 NaN
0.0328125000000004 29.930484423804 NaN
0.0406250000000004 24.0769146507736 NaN
0.0484375000000004 20.1138301056286 NaN
0.0562500000000004 17.2534904340728 NaN
0.0640625000000004 15.092419951523 NaN
0.0718750000000004 13.4025681136864 NaN
0.0796875000000004 12.0453167705409 NaN
0.0875000000000004 10.9315549640297 NaN
0.0953125000000004 10.0013890721993 2.22456521414282
0.103125 9.21307561601521 2.09039720659762
0.1109375 8.53663034580125 2.00623185537046
0.11875 7.94996005743881 1.93759883368811
0.1265625 7.43642706987904 1.87711846856098
0.134375 6.9832633041009 1.82192756993321
0.1421875 6.58050719370282 1.77059148779897
0.15 6.22027281140399 1.72227461652596
0.1578125 5.89623608710946 1.67643898235039
0.165625 5.60326643634313 1.63271258641767
0.1734375 5.33715794891538 1.59082410800841
0.18125 5.09443009808367 1.55056732966659
0.1890625 4.87217786095864 1.51178029635204
0.196875 4.66795752479665 1.47433238076964
0.2046875 4.47969864476973 1.43811587043125
0.2125 4.30563542304324 1.40304028011615
0.2203125 4.14425268825836 1.36902838067115
0.228125 3.9942429753143 1.33601334953444
0.2359375 3.85447213252428 1.30393667794549
0.24375 3.72395154294507 1.27274660267503
0.2515625 3.60181552200917 1.24239691000146
0.259375 3.48730280006413 1.21284600933406
0.2671875 3.37974125372093 1.18405620569712
0.275 3.27853523993598 1.1559931212081
0.2828125 3.18315502953061 1.12862522976473
0.290625 3.09312794508788 1.10192347883667
0.2984375 3.00803089090195 1.07586097903929
0.30625 2.92748402639511 1.05041274699848
0.3140625 2.85114538388747 1.02555549051157
0.321875 2.77870627026757 1.00126742757223
0.3296875 2.70988732252962 0.977528132731244
0.3375 2.64443511122383 0.954318405693903
0.3453125 2.58211920504346 0.931620158139168
0.353125 2.52272962513084 0.909416315575397
0.3609375 2.46607463005185 0.887690731688279
0.36875 2.41197878239646 0.866428113134968
0.3765625 2.3602812561034 0.84561395312894
0.384375 2.3108343502574 0.825234472468067
0.3921875 2.26350218056634 0.805276566902836
0.4 2.21815952422412 0.785727759936615
0.4078125 2.17469079758891 0.766576160306444
0.415625 2.13298914919943 0.747810423519023
0.4234375 2.09295565323163 0.729419716918893
0.43125 2.05449859065772 0.711393687849181
0.4390625 2.01753280718214 0.693722434533407
0.446875 1.98197913855782 0.676396479362951
0.4546875 1.9477638951772 0.659406744321011
0.4625 1.91481839892832 0.642744528312263
0.4703125 1.88307856623747 0.626401486199377
0.478125 1.85248453201481 0.610369609374271
0.4859375 1.82298030989883 0.594641207714415
0.49375 1.79451348477836 0.579208892793449
0.5015625 1.76703493407198 0.564065562231381
0.509375 1.74049857467669 0.549204385083324
0.5171875 1.71486113287078 0.534618788177324
0.525 1.69008193477937 0.520302443321873
0.5328125 1.66612271529112 0.506249255312307
0.540625 1.64294744355955 0.492453350672694
0.5484375 1.62052216343416 0.478909067076358
0.55625 1.59881484735349 0.465610943393754
0.5640625 1.5777952623941 0.452553710321388
0.571875 1.55743484731268 0.439732281549807
0.5796875 1.53770659954383 0.427141745432499
0.5875 1.51858497122625 0.414777357120937
0.5953125 1.50004577342756 0.402634531134009
0.603125 1.48206608782415 0.390708834332764
0.6109375 1.46462418516805 0.378995979273784
0.61875 1.447699449941 0.367491817916664
0.6265625 1.43127231065507 0.356192335662994
0.634375 1.41532417531286 0.345093645706018
0.6421875 1.39983737158767 0.33419198367167
0.65 1.38479509132615 0.323483702533187
0.6578125 1.37018133901389 0.312965267782726
0.665625 1.35598088387806 0.302633252844677
0.6734375 1.34217921533156 0.292484334716378
0.68125 1.3287625014902 0.282515289822972
0.6890625 1.31571755051873 0.272722990074041
0.696875 1.3030317745837 0.263104399110491
0.7046875 1.29069315621048 0.253656568730914
0.7125 1.27869021685978 0.244376635487392
0.7203125 1.26701198755508 0.235261817441324
0.728125 1.2556479814066 0.226309411070486
0.7359375 1.24458816789089 0.217516788319091
0.74375 1.23382294875664 0.208881393783107
0.7515625 1.22334313543844 0.20040074202361
0.759375 1.21313992786949 0.192072415001359
0.7671875 1.20320489459364 0.183894059626215
0.775 1.19352995408492 0.175863385415402
0.7828125 1.18410735718986 0.167978162254969
0.790625 1.17492967061521 0.160236218259147
0.7984375 1.16598976138898 0.152635437722596
0.80625 1.15728078222891 0.145173759160853
0.8140625 1.14879615775724 0.137849173434525
0.821875 1.14052957150537 0.130659721953076
0.8296875 1.13247495365628 0.123603494954227
0.8375 1.12462646947642 0.11667862985529
0.8453125 1.11697850839243 0.109883309672891
0.853125 1.10952567367122 0.103215761507783
0.8609375 1.10226277266511 0.0966742550916059
0.86875 1.09518480758624 0.0902571013926384
0.8765625 1.08828696677736 0.0839626512777296
0.884375 1.08156461644804 0.0777892942277701
0.8921875 1.07501329284783 0.0717354571041888
0.9 1.0686286948498 0.0657996029641018
0.9078125 1.06240667691957 0.0599802299218631
0.915625 1.05634324244678 0.0542758700548895
0.9234375 1.05043453741763 0.0486850883517359
0.93125 1.04467684440814 0.0432064817005087
0.9390625 1.03906657687974 0.0378386779158009
0.946875 1.03360027375938 0.0325803348024252
0.9546875 1.02827459428804 0.0274301392543087
0.9625 1.0230863131222 0.0223868063869997
0.9703125 1.01803231567413 0.0174490787023069
0.978125 1.01310959367745 0.0126157252836759
0.9859375 1.00831524096555 0.00788554102096628
0.99375 1.00364644945111 0.00325734586336801
1.0015625 0.999100500839339 -0.00127001590075126
1.009375 0.994674780843952 -0.00569767633820695
1.0171875 0.990366748843304 -0.0100267445406614
1.025 0.986173952512243 -0.0142583072706252
1.0328125 0.982094020156081 -0.0183934295847804
1.040625 0.978124657687687 -0.022433155435573
1.0484375 0.974263645741395 -0.0263785082519631
1.05625 0.970508836916599 -0.0302304915001893
1.0640625 0.96685815314445 -0.0339900892253631
1.071875 0.963309583171217 -0.0376582665746636
1.0796875 0.959861180152486 -0.0412359703028784
1.0875 0.9565110593526 -0.0447241292609919
1.0953125 0.953257395943995 -0.0481236548684966
1.103125 0.950098422901572 -0.051435441570069
1.1109375 0.94703242898733 -0.0546603672772269
1.11875 0.944057756820861 -0.0577992937955507
1.1265625 0.941172801031568 -0.0608530672380297
1.134375 0.938376006488562 -0.0638225184250696
1.1421875 0.935665866604622 -0.066708463271673
1.15 0.9330409217106 -0.0695117031622782
1.1578125 0.930499757496963 -0.07223302531373
1.165625 0.928041003519333 -0.0748732031268224
1.1734375 0.925663331765014 -0.0774329965268483
1.18125 0.923365455277666 -0.079913152293559
1.1890625 0.921146126837495 -0.0823144043809322
1.196875 0.919004137694341 -0.0846374742271169
1.2046875 0.916938316351306 -0.0868830710549207
1.2125 0.914947527396689 -0.0890518921631781
1.2203125 0.913030670381922 -0.0911446232093366
1.228125 0.911186678743576 -0.093161938483569
1.2359375 0.909414518767448 -0.0951045011747201
1.24375 0.907713188592862 -0.0969729636283774
1.2515625 0.906081717255433 -0.0987679675973431
1.259375 0.904519163766634 -0.100490144484776
1.2671875 0.903024616228562 -0.102140115580259
1.275 0.901597190982396 -0.103718492289039
1.2828125 0.900236031789128 -0.105225876354674
1.290625 0.898940309041168 -0.106662860075318
1.2984375 0.897709219003552 -0.108030026513852
1.30625 0.896541983083503 -0.109327949702088
1.3140625 0.895437847127161 -0.110557194839224
1.321875 0.894396080742375 -0.111718318484764
1.3296875 0.893415976646486 -0.112811868746076
1.3375 0.892496850038044 -0.113838385460769
1.3453125 0.891638037991571 -0.114798400374065
1.353125 0.890838898874328 -0.115692437311328
1.3609375 0.89009881178434 -0.1165210123459
1.36875 0.889417176008695 -0.117284633962418
1.3765625 0.888793410501436 -0.117983803215739
1.384375 0.88822695338019 -0.118619013885618
1.3921875 0.887717261440863 -0.119190752627288
1.4 0.88726380968965 -0.119699499118053
1.4078125 0.886866090891729 -0.120145726200043
1.415625 0.886523615136014 -0.120529900019227
1.4234375 0.886235909415268 -0.120852480160827
1.43125 0.886002517221142 -0.121113919781227
1.4390625 0.885822998153407 -0.121314665736491
1.446875 0.885696927543025 -0.121455158707601
1.4546875 0.885623896088384 -0.121535833322511
1.4625 0.885603509504351 -0.121557118275106
1.4703125 0.885635388183562 -0.121519436441186
1.478125 0.885719166869581 -0.121423204991527
1.4859375 0.885854494341464 -0.121268835502151
1.49375 0.886041033109317 -0.121056734061843
1.5015625 0.886278459120479 -0.120787301377041
1.509375 0.886566461475939 -0.120460932874142
1.5171875 0.88690474215661 -0.120078018799324
1.525 0.88729301575917 -0.11963894431594
1.5328125 0.88773100924105 -0.119144089599572
1.540625 0.88821846167438 -0.118593829930791
1.5484375 0.88875512400842 -0.117988535785721
1.55625 0.88934075884038 -0.117328572924432
1.5640625 0.88997514019417 -0.116614302477259
1.571875 0.89065805330694 -0.115846081029086
1.5796875 0.891389294423066 -0.115024260701657
1.5875 0.892168670595421 -0.114149189233971
1.5953125 0.892995999493597 -0.113221210060822
1.603125 0.893871109218938 -0.112240662389519
1.6109375 0.894793838126103 -0.111207881274856
1.61875 0.895764034650997 -0.11012319769236
1.6265625 0.896781557144816 -0.108986938609892
1.634375 0.897846273714094 -0.107799427057617
1.6421875 0.898958062066456 -0.106560982196401
1.65 0.900116809361998 -0.105271919384692
1.6578125 0.901322412070072 -0.103932550243892
1.665625 0.902574775831334 -0.102543182722297
1.6734375 0.903873815324851 -0.101104121157615
1.68125 0.905219454140197 -0.0996156663381227
1.6890625 0.906611624654313 -0.0980781155624783
1.696875 0.908050267913016 -0.0964917626982371
1.7046875 0.909535333517071 -0.0948568982391014
1.7125 0.911066779512597 -0.0931738093609384
1.7203125 0.912644572285772 -0.0914427799765958
1.728125 0.914268686461684 -0.0896640907895488
1.7359375 0.915939104807205 -0.0878380193464092
1.74375 0.917655818137755 -0.0859648400883235
1.7515625 0.919418825227957 -0.0840448244012915
1.759375 0.921228132725893 -0.0820782406654286
1.7671875 0.92308375507106 -0.0800653543032046
1.775 0.92498571441581 -0.0780064278266812
1.7828125 0.926934040550185 -0.0759017208837708
1.790625 0.928928770830148 -0.0737514903035492
1.7984375 0.930969950109011 -0.0715559901406378
1.80625 0.933057630672056 -0.0693154717186817
1.8140625 0.935191872174251 -0.0670301836729488
1.821875 0.937372741580974 -0.064700371992066
1.8296875 0.939600313111696 -0.062326280058918
1.8375 0.941874668186503 -0.0599081486907276
1.8453125 0.944195895375477 -0.0574462161783371
1.853125 0.946564090350763 -0.0549407183247119
1.8609375 0.948979355841368 -0.0523918884826809
1.86875 0.951441801590549 -0.0497999575919404
1.8765625 0.953951544315784 -0.0471651542153282
1.884375 0.956508707671232 -0.0444877045743928
1.8921875 0.959113422212675 -0.0417678325842744
1.9 0.961765825364823 -0.0390057598879099
1.9078125 0.964466061391048 -0.0362017058895796
1.915625 0.967214281365336 -0.0333558877878135
1.9234375 0.970010643146591 -0.030468520607668
1.93125 0.972855311355081 -0.0275398172323916
1.9390625 0.97574845735113 -0.0245699884344897
1.946875 0.978690259215916 -0.0215592429062061
1.9546875 0.981680901734363 -0.0185077872894321
1.9625 0.984720576380114 -0.015415826205059
1.9703125 0.987809481302552 -0.0122835622817816
1.978125 0.990947821315754 -0.00911119618437117
1.9859375 0.994135807889472 -0.00589892664142655
1.99375 0.997373659142042 -0.00264695047261498
2.0015625 1.0006615953719 0.000644537384584809
2.009375 1.00399985691436 0.00397534384862674
2.0171875 1.00738867733905 0.00734527766811466
2.025 1.01082830132505 0.0107541493964933
2.0328125 1.01431898019245 0.0142017713671833
2.040625 1.01786097190625 0.0176879576691723
2.0484375 1.02145454108199 0.0212125241230329
2.05625 1.02509995899316 0.0247752882573732
2.0640625 1.02879750358027 0.0283760692857014
2.071875 1.03254745946165 0.0320146880836965
2.0796875 1.03635011794589 0.0356909671668821
2.0875 1.04020577704595 0.0394047306686872
2.0953125 1.04411474149491 0.0431558043188908
2.103125 1.0480773227633 0.04694401542244
2.1109375 1.05209383907811 0.0507691928386339
2.11875 1.05616461544334 0.0546311669606669
2.1265625 1.06028998366213 0.0585297696955216
2.134375 1.06447028236046 0.0624648344442041
2.1421875 1.06870585701247 0.0664361960823198
2.15 1.07299705996719 0.0704436909409725
2.1578125 1.07734425047695 0.074487156787991
2.165625 1.08174779472722 0.0785664328094674
2.1734375 1.08620806586801 0.082681359591609
2.18125 1.09072544404674 0.0868317791028886
2.1890625 1.09530031644271 0.0910175346764936
2.196875 1.09993307730292 0.095238470993067
2.2046875 1.10462412797946 0.0994944340637309
2.2125 1.10937387696849 0.10378527121339
2.2203125 1.11418273995044 0.10811083106431
2.228125 1.11905113983195 0.112470963519957
2.2359375 1.12397950678914 0.116865519749113
2.24375 1.12896827831237 0.121294352170235
2.2515625 1.1340178992525 0.125757314436071
2.259375 1.1391288218686 0.130254261418528
2.2671875 1.14430150587713 0.134785049193776
2.275 1.14953641850255 0.139349535027593
2.2828125 1.15483403452949 0.143947577360939
2.290625 1.16019483635626 0.148579035795767
2.2984375 1.16561931404992 0.153243771081046
2.30625 1.17110796540283 0.157941645099016
2.3140625 1.17666129599053 0.162672520851647
2.321875 1.18227981923133 0.167436262447317
2.3296875 1.18796405644712 0.172232735087697
2.3375 1.19371453692588 0.177061805054832
2.3453125 1.19953179798554 0.181923339698432
2.353125 1.20541638503933 0.186817207423349
2.3609375 1.21136885166275 0.191743277677252
2.36875 1.2173897596619 0.196701420938488
2.3765625 1.22347967914338 0.201691508704129
2.384375 1.2296391885857 0.206713413478197
2.3921875 1.2358688749122 0.211767008760072
2.4 1.24216933356551 0.216852169033072
2.4078125 1.24854116858351 0.221968769753202
2.415625 1.25498499267692 0.227116687338075
2.4234375 1.2615014273083 0.232295799156
2.43125 1.26809110277276 0.237505983515223
2.4390625 1.27475465828014 0.242747119653339
2.446875 1.28149274203882 0.248019087726853
2.4546875 1.28830601134107 0.253321768800891
2.4625 1.29519513265011 0.258655044839076
2.4703125 1.30216078168864 0.264018798693533
2.478125 1.3092036435291 0.269412914095057
2.4859375 1.31632441268552 0.274837275643409
2.49375 1.32352379320704 0.280291768797764
2.5015625 1.3308024987731 0.28577627986729
2.509375 1.33816125279025 0.291290696001862
2.5171875 1.34560078849073 0.29683490518291
2.525 1.35312184903273 0.302408796214405
2.5328125 1.3607251876023 0.308012258713958
2.540625 1.36841156751709 0.313645183104056
2.5484375 1.37618176233179 0.319307460603422
2.55625 1.38403655594534 0.324998983218491
2.5640625 1.39197674270994 0.33071964373501
2.571875 1.40000312754185 0.33646933570975
2.5796875 1.40811652603394 0.342247953462342
2.5875 1.41631776457023 0.34805539206722
2.5953125 1.42460768044213 0.353891547345675
2.603125 1.43298712196661 0.359756315858028
2.6109375 1.44145694860627 0.365649594895891
2.61875 1.4500180310913 0.37157128247456
2.6265625 1.45867125154337 0.377521277325489
2.634375 1.46741750360147 0.383499478888884
2.6421875 1.47625769254976 0.389505787306381
2.65 1.4851927354473 0.395540103413842
2.6578125 1.49422356125992 0.401602328734228
2.665625 1.50335111099407 0.407692365470587
2.6734375 1.51257633783268 0.413810116499118
2.68125 1.52190020727321 0.419955485362346
2.6890625 1.53132369726768 0.426128376262373
2.696875 1.5408477983649 0.432328694054224
2.7046875 1.55047351385488 0.438556344239287
2.7125 1.56020185991532 0.444811232958824
2.7203125 1.57003386576037 0.451093266987588
2.728125 1.5799705737916 0.457402353727509
2.7359375 1.59001303975126 0.463738401201464
2.74375 1.60016233287771 0.470101318047136
2.7515625 1.61041953606334 0.476491013510942
2.759375 1.62078574601462 0.482907397442053
2.7671875 1.63126207341464 0.489350380286476
2.775 1.64184964308806 0.495819873081227
2.7828125 1.65254959416838 0.502315787448566
2.790625 1.66336308026773 0.508838035590314
2.7984375 1.67429126964917 0.515386530282241
2.80625 1.6853353454014 0.521961184868525
2.8140625 1.6964965056161 0.528561913256278
2.821875 1.70777596356784 0.535188629910146
2.8296875 1.71917494789656 0.541841249846976
2.8375 1.7306947027927 0.548519688630545
2.8453125 1.74233648818506 0.555223862366369
2.853125 1.75410157993126 0.561953687696555
2.8609375 1.76599127001105 0.568709081794737
2.86875 1.77800686672234 0.575489962361066
2.8765625 1.79014969488009 0.582296247617264
2.884375 1.80242109601798 0.589127856301734
2.8921875 1.81482242859305 0.595984707664743
2.9 1.82735506819316 0.602866721463646
2.9078125 1.84002040774761 0.609773817958186
2.915625 1.85281985774047 0.616705917905843
2.9234375 1.86575484642727 0.623662942557233
2.93125 1.8788268200545 0.63064481365158
2.9390625 1.89203724308243 0.637651453412228
2.946875 1.90538759841099 0.644682784542211
2.9546875 1.91887938760889 0.65173873021988
2.9625 1.93251413114597 0.658819214094581
2.9703125 1.94629336862893 0.665924160282381
2.978125 1.96021865904023 0.673053493361848
2.9859375 1.9742915809805 0.68020713836988
2.99375 1.98851373291445 0.68738502079759
3.0015625 2.00288672448657 0.694587066586229
3.009375 2.0174122124873 0.701813202123159
3.0171875 2.03209184756986 0.709063354237887
3.025 2.04692731018323 0.716337450198125
3.0328125 2.06192030192247 0.723635417705911
3.040625 2.07707254579619 0.730957184893771
3.0484375 2.09238578649765 0.73830268032092
3.05625 2.10786179067968 0.745671832969521
3.0640625 2.12350234723365 0.75306457224097
3.071875 2.1393092675721 0.760480827952235
3.0796875 2.15528438591559 0.76792053033224
3.0875 2.17142955958343 0.775383610018273
3.0953125 2.18774666928855 0.782869998052461
3.103125 2.20423761943656 0.79037962587826
3.1109375 2.22090433842895 0.797912425337003
3.11875 2.23774877897058 0.805468328664479
3.1265625 2.25477291838149 0.813047268487548
3.134375 2.27197875891311 0.820649177820804
3.1421875 2.28936832806889 0.82827399006327
3.15 2.30694367892946 0.835921638995125
3.1578125 2.3247068904823 0.843592058774475
3.165625 2.34266006795614 0.85128518393416
3.1734375 2.36080534316 0.859000949378593
3.18125 2.37914487482696 0.866739290380635
3.1890625 2.39768084896287 0.874500142578504
3.196875 2.41641547919984 0.882283441972722
3.2046875 2.43535100715473 0.890089124923092
3.2125 2.45448970279278 0.897917128145708
3.2203125 2.47383386479621 0.905767388709999
3.228125 2.49338582093807 0.913639844035808
3.2359375 2.51314792846135 0.921534431890496
3.24375 2.53312257446339 0.929451090386084
3.2515625 2.55331217628572 0.937389757976425
3.259375 2.57371918190938 0.945350373454401
3.2671875 2.59434607035581 0.95333287594916
3.275 2.61519535209331 0.961337204923373
3.2828125 2.63626956944935 0.969363300170525
3.290625 2.65757129702855 0.977411101812237
3.2984375 2.67910314213662 0.985480550295614
3.30625 2.70086774521027 0.993571586390617
3.3140625 2.7228677802531 1.00168415118748
3.321875 2.74510595527774 1.00981818609412
3.3296875 2.76758501275416 1.01797363283362
3.3375 2.79030773006425 1.02615043344169
3.3453125 2.81327691996295 1.03434853026423
3.353125 2.83649543104566 1.04256786595478
3.3609375 2.85996614822253 1.05080838347218
3.36875 2.88369199319913 1.05907002607809
3.3765625 2.9076759249642 1.06735273733465
3.384375 2.93192094028403 1.07565646110209
3.3921875 2.95643007420403 1.0839811415364
3.4 2.98120640055722 1.09232672308703
3.4078125 3.00625303247999 1.10069315049459
3.415625 3.03157312293519 1.10908036878861
3.4234375 3.05716986524245 1.11748832328525
3.43125 3.08304649361627 1.12591695958514
3.4390625 3.1092062837114 1.13436622357113
3.446875 3.13565255317623 1.14283606140616
3.4546875 3.16238866221379 1.15132641953108
3.4625 3.1894180141509 1.15983724466255
3.4703125 3.21674405601523 1.16836848379088
3.478125 3.24437027912055 1.17692008417802
3.4859375 3.27230021966041 1.18549199335543
3.49375 3.30053745931006 1.19408415912205
3.5015625 3.32908562583707 1.20269652954231
3.509375 3.35794839372052 1.21132905294406
3.5171875 3.38712948477901 1.21998167791666
3.525 3.41663266880765 1.22865435330897
3.5328125 3.44646176422395 1.2373470282274
3.540625 3.47662063872311 1.24605965203403
3.5484375 3.50711320994242 1.25479217434465
3.55625 3.53794344613528 1.2635445450269
3.5640625 3.56911536685472 1.2723167141984
3.571875 3.60063304364669 1.28110863222489
3.5796875 3.63250060075317 1.28992024971842
3.5875 3.66472221582547 1.29875151753549
3.5953125 3.69730212064746 1.30760238677529
3.603125 3.73024460186933 1.31647280877793
3.6109375 3.76355400175168 1.32536273512263
3.61875 3.79723471892035 1.33427211762601
3.6265625 3.83129120913187 1.34320090834037
3.634375 3.86572798605013 1.35214905955193
3.6421875 3.90054962203381 1.36111652377918
3.65 3.93576074893534 1.3701032537712
3.6578125 3.97136605891112 1.37910920250596
3.665625 4.00737030524356 1.38813432318871
3.6734375 4.04377830317456 1.39717856925032
3.68125 4.08059493075129 1.40624189434568
3.6890625 4.11782512968386 1.41532425235211
3.696875 4.15547390621534 1.42442559736773
3.7046875 4.19354633200438 1.43354588370993
3.7125 4.23204754502031 1.44268506591383
3.7203125 4.27098275045125 1.45184309873066
3.728125 4.31035722162521 1.46101993712631
3.7359375 4.35017630094446 1.4702155362798
3.74375 4.39044540083322 1.47942985158175
3.7515625 4.43117000469929 1.48866283863292
3.759375 4.47235566790909 1.49791445324273
3.7671875 4.51400801877707 1.50718465142783
3.775 4.55613275956937 1.5164733894106
3.7828125 4.59873566752169 1.52578062361778
3.790625 4.64182259587215 1.535106310679
3.7984375 4.68539947490886 1.54445040742541
3.80625 4.72947231303268 1.55381287088828
3.8140625 4.77404719783531 1.56319365829763
3.821875 4.81913029719299 1.57259272708081
3.8296875 4.86472786037604 1.58201003486123
3.8375 4.91084621917429 1.59144553945696
3.8453125 4.95749178903906 1.60089919887941
3.853125 5.00467107024137 1.61037097133203
3.8609375 5.05239064904723 1.61986081520898
3.86875 5.10065719890971 1.62936868909386
3.8765625 5.14947748167851 1.6388945517584
3.884375 5.19885834882686 1.64843836216122
3.8921875 5.24880674269645 1.65800007944655
3.9 5.29932969776017 1.66757966294298
3.9078125 5.35043434190359 1.67717707216224
3.915625 5.40212789772457 1.68679226679795
3.9234375 5.45441768385223 1.69642520672443
3.93125 5.50731111628475 1.70607585199547
3.9390625 5.56081570974695 1.71574416284317
3.946875 5.61493907906738 1.7254300996767
3.9546875 5.66968894057564 1.73513362308119
3.9625 5.72507311351995 1.74485469381654
3.9703125 5.78109952150563 1.75459327281624
3.978125 5.83777619395417 1.76434932118627
3.9859375 5.89511126758396 1.77412280020396
3.99375 5.95311298791262 1.78391367131684
4.0015625 6.01178968396672 1.79372189614155
4.009375 6.07114987695397 1.80354743646273
4.0171875 6.13120212133969 1.81339025423192
4.025 6.19195511330426 1.82325031156651
4.0328125 6.25341766567424 1.8331275707486
4.040625 6.31559870956155 1.84302199422398
4.0484375 6.37850729602642 1.85293354460109
4.05625 6.44215259776478 1.86286218464991
4.0640625 6.50654391082059 1.87280787730098
4.071875 6.57169065632305 1.88277058564434
4.0796875 6.63760238224941 1.8927502729285
4.0875 6.70428876521383 1.90274690255947
4.0953125 6.77175961228221 1.91276043809971
4.103125 6.84002486281407 1.92279084326716
4.1109375 6.90909459033132 1.93283808193424
4.11875 6.97897900441448 1.94290211812688
4.1265625 7.04968845262713 1.95298291602354
4.134375 7.12123342246829 1.96308043995426
4.1421875 7.19362454335398 1.97319465439969
4.15 7.2668725886278 1.98332552399016
4.1578125 7.34098847760114 1.99347301350473
4.165625 7.41598327762366 2.00363708787025
4.1734375 7.49186820618431 2.01381771216047
4.18125 7.56865463304327 2.02401485159509
4.1890625 7.64635408239565 2.03422847153885
4.196875 7.724978235067 2.04445853750068
4.2046875 7.80453893074116 2.05470501513273
4.2125 7.88504817022179 2.06496787022956
4.2203125 7.96651811772654 2.0752470687272
4.228125 8.04896110321572 2.08554257670231
4.2359375 8.1323896247554 2.09585436037133
4.24375 8.21681635091561 2.10618238608957
4.2515625 8.30225412320402 2.11652662035042
4.259375 8.38871595853588 2.12688702978447
4.2671875 8.47621505174062 2.13726358115867
4.275 8.5647647781056 2.14765624137554
4.2828125 8.65437869595796 2.15806497747228
4.290625 8.74507054928458 2.16848975662003
4.2984375 8.83685427039127 2.17893054612301
4.30625 8.92974398260145 2.18938731341771
4.3140625 9.02375400299503 2.19986002607215
4.321875 9.11889884518823 2.210348651785
4.3296875 9.21519322215488 2.22085315838489
4.3375 9.31265204908945 2.23137351382958
4.3453125 9.41129044631356 2.24190968620518
4.353125 9.51112374222499 2.25246164372542
4.3609375 9.61216747629165 2.26302935473084
4.36875 9.71443740208957 2.2736127876881
4.3765625 9.81794949038692 2.28421191118919
4.384375 9.92271993227377 2.29482669395067
4.3921875 10.028765142339 2.30545710481301
4.4 10.1361017618946 2.31610311273975
4.4078125 10.2447466622482 2.32676468681689
4.415625 10.3547169480255 2.33744179625207
4.4234375 10.466029960541 2.34813441037394
4.43125 10.5787032812208 2.35884249863138
4.4390625 10.6927547350762 2.36956603059286
4.446875 10.8082023942293 2.3803049759457
4.4546875 10.9250645814917 2.39105930449538
4.4625 11.0433598739975 2.4018289861649
4.4703125 11.1631071068903 2.41261399099404
4.478125 11.2843253770662 2.42341428913871
4.4859375 11.4070340469725 2.43422985087028
4.49375 11.5312527484645 2.44506064657493
4.5015625 11.6570013867201 2.45590664675294
4.509375 11.784300144213 2.4667678220181
4.5171875 11.9131694847462 2.477644143097
4.525 12.043630157547 2.48853558082843
4.5328125 12.1757032014224 2.49944210616272
4.540625 12.309409948979 2.51036369016109
4.5484375 12.444772030905 2.52130030399503
4.55625 12.5818113803186 2.53225191894571
4.5640625 12.7205502371806 2.54321850640329
4.571875 12.8610111527755 2.55420003786635
4.5796875 13.0032169942586 2.56519648494129
4.5875 13.1471909492739 2.57620781934166
4.5953125 13.2929565306403 2.58723401288762
4.603125 13.4405375811104 2.59827503750532
4.6109375 13.5899582782002 2.6093308652263
4.61875 13.741243139093 2.62040146818688
4.6265625 13.8944170256173 2.63148681862763
4.634375 14.0495051493009 2.64258688889275
4.6421875 14.2065330765013 2.65370165142948
4.65 14.365526733614 2.66483107878758
4.6578125 14.5265124123608 2.67597514361871
4.665625 14.6895167751584 2.68713381867588
4.6734375 14.8545668605678 2.69830707681291
4.68125 15.0216900888282 2.70949489098385
4.6890625 15.1909142674744 2.72069723424245
4.696875 15.3622675970398 2.73191407974158
4.7046875 15.5357786768475 2.74314540073273
4.7125 15.7114765108879 2.75439117056543
4.7203125 15.8893905137882 2.76565136268673
4.728125 16.0695505168715 2.77692595064069
4.7359375 16.2519867743097 2.7882149080678
4.74375 16.4367299693694 2.79951820870451
4.7515625 16.6238112207547 2.81083582638267
4.759375 16.8132620890457 2.82216773502904
4.7671875 17.0051145832368 2.83351390866475
4.775 17.1994011673744 2.84487432140483
4.7828125 17.3961547672969 2.85624894745766
4.790625 17.5954087774779 2.8676377611245
4.7984375 17.7971970679741 2.87904073679897
4.80625 18.0015539914807 2.89045784896657
4.8140625 18.2085143904938 2.90188907220417
4.821875 18.4181136045845 2.91333438117957
4.8296875 18.6303874777839 2.92479375065093
4.8375 18.8453723660813 2.93626715546639
4.8453125 19.0631051450392 2.9477545705635
4.853125 19.2836232175238 2.95925597096881
4.8609375 19.5069645215558 2.97077133179737
4.86875 19.733167538282 2.98230062825225
4.8765625 19.9622713000693 2.99384383562413
4.884375 20.1943153987243 3.00540092929078
4.8921875 20.4293399938389 3.01697188471662
4.9 20.6673858212647 3.02855667745227
4.9078125 20.9084942017201 3.04015528313412
4.915625 21.1527070495278 3.05176767748382
4.9234375 21.400066881489 3.06339383630792
4.93125 21.6506168258944 3.07503373549734
4.9390625 21.9044006316751 3.08668735102699
4.946875 22.1614626776941 3.09835465895531
4.9546875 22.4218479821827 3.11003563542387
4.9625 22.6856022123228 3.12173025665686
4.9703125 22.9527716939778 3.13343849896077
4.978125 23.2234034215739 3.14516033872386
4.9859375 23.4975450681354 3.15689575241583
4.99375 23.775244995476 3.16864471658734
5.0015625 24.0565521572481 3.18040720786962
5.009375 24.3415165379123 3.19218320297405
5.0171875 24.6301885218193 3.20397267869174
5.025 24.9226193310496 3.21577561189317
5.0328125 25.2188609298519 3.22759197952771
5.040625 25.5189660358221 3.23942175862327
5.0484375 25.822988131257 3.25126492628591
5.05625 26.1309814746834 3.26312145969939
5.0640625 26.4430011125693 3.27499133612483
5.071875 26.7591028912154 3.2868745329003
5.0796875 27.0793434688332 3.2987710274404
5.0875 27.4037803278115 3.31068079723594
5.0953125 27.7324717871745 3.3226038198535
