Integral of ln(x)/sqrt(x): Result = -3.99999998016229. Ncalls = 344


-5 -0.99999999511516
-4.875 -0.999999998677638
-4.75 -1.00000000176786
-4.625 -0.999999907053421
-4.5 -0.999999915999205
-4.375 -0.99999999711727
-4.25 -0.999999989932053
-4.125 -0.999999982629411
-4 -0.999999970039942
-3.875 -0.999999940588797
-3.75 -0.999999866649456
-3.625 -1.00000171128293
-3.5 -0.999999230082724
-3.375 -0.999998154138832
-3.25 -0.999995663881948
-3.125 -0.999990069309513
-3 -0.999977878183746
-2.875 -0.999952120498609
-2.75 -0.999899364192553
-2.625 -0.999794624475268
-2.5 -0.999593063897966
-2.375 -0.999217092638692
-2.25 -0.998537325937439
-2.125 -0.997345627682511
-2 -0.995322065658113
-1.875 -0.991989972857186
-1.75 -0.986671664087289
-1.625 -0.978443768446989
-1.5 -0.966105196337888
-1.375 -0.948170138716546
-1.25 -0.922900111526323
-1.125 -0.888388222381254
-1 -0.842700786678431
-0.875 -0.784075056331063
-0.75 -0.711155227451777
-0.625 -0.623240609726938
-0.5 -0.520499936920214
-0.375 -0.404116865187405
-0.25 -0.276326357379288
-0.125 -0.140316198944738
0 0
0.125 0.140316198944738
0.25 0.276326357379288
0.375 0.404116865187404
0.5 0.520499936920214
0.625 0.623240609726938
0.75 0.711155227451777
0.875 0.784075056331063
1 0.842700786678431
1.125 0.888388222381254
1.25 0.922900111526323
1.375 0.948170138716546
1.5 0.966105196337889
1.625 0.978443768446989
1.75 0.986671664087289
1.875 0.991989972857186
2 0.995322065658113
2.125 0.997345627682511
2.25 0.998537325937439
2.375 0.999217092638692
2.5 0.999593063897967
2.625 0.999794624475268
2.75 0.999899364192554
2.875 0.999952120498609
3 0.999977878183746
3.125 0.999990069309513
3.25 0.999995663881948
3.375 0.999998154138832
3.5 0.999999230082724
3.625 1.00000171128293
3.75 0.999999866649456
3.875 0.999999940588797
4 0.999999970039942
4.125 0.999999982629411
4.25 0.999999989932053
4.375 0.999999997117271
4.5 0.999999915999205
4.625 0.999999907053421
4.75 1.00000000176786
4.875 0.999999998677638
5 0.999999995115159
